n_lpdf_eval,n_grad_eval,logzs_eval,lr,nbridge,batchsize,niters,method,id
32,4064,-730.122759599399,0.001,64,32,5000,ula,14
64,8128,-762.0244996151821,0.001,64,32,5000,ula,14
96,12192,-791.205895565907,0.001,64,32,5000,ula,14
128,16256,-794.4463995781208,0.001,64,32,5000,ula,14
160,20320,-782.2864741426295,0.001,64,32,5000,ula,14
192,24384,-785.6613095600887,0.001,64,32,5000,ula,14
224,28448,-747.8767160529561,0.001,64,32,5000,ula,14
256,32512,-751.5314507255347,0.001,64,32,5000,ula,14
288,36576,-786.8138701971669,0.001,64,32,5000,ula,14
320,40640,-809.3110555753735,0.001,64,32,5000,ula,14
352,44704,-762.9738592805531,0.001,64,32,5000,ula,14
384,48768,-730.14422536056,0.001,64,32,5000,ula,14
416,52832,-798.2604488384659,0.001,64,32,5000,ula,14
448,56896,-767.3326268463356,0.001,64,32,5000,ula,14
480,60960,-815.4459637693654,0.001,64,32,5000,ula,14
512,65024,-796.4867069835235,0.001,64,32,5000,ula,14
544,69088,-746.6103842690178,0.001,64,32,5000,ula,14
576,73152,-722.1847803455714,0.001,64,32,5000,ula,14
608,77216,-793.2658948269678,0.001,64,32,5000,ula,14
640,81280,-771.224098116461,0.001,64,32,5000,ula,14
672,85344,-727.0263756262059,0.001,64,32,5000,ula,14
704,89408,-776.0006657733779,0.001,64,32,5000,ula,14
736,93472,-775.9757469490683,0.001,64,32,5000,ula,14
768,97536,-775.4586726036921,0.001,64,32,5000,ula,14
800,101600,-754.9403817333912,0.001,64,32,5000,ula,14
832,105664,-801.4438298476118,0.001,64,32,5000,ula,14
864,109728,-797.269106911842,0.001,64,32,5000,ula,14
896,113792,-726.2703232996213,0.001,64,32,5000,ula,14
928,117856,-782.4246871566768,0.001,64,32,5000,ula,14
960,121920,-716.7112512948149,0.001,64,32,5000,ula,14
992,125984,-731.1679531360977,0.001,64,32,5000,ula,14
1024,130048,-731.5789999670266,0.001,64,32,5000,ula,14
1056,134112,-770.0348402352478,0.001,64,32,5000,ula,14
1088,138176,-758.6449055400245,0.001,64,32,5000,ula,14
1120,142240,-741.3631750232545,0.001,64,32,5000,ula,14
1152,146304,-703.896731654331,0.001,64,32,5000,ula,14
1184,150368,-758.3974957741228,0.001,64,32,5000,ula,14
1216,154432,-760.4496671845338,0.001,64,32,5000,ula,14
1248,158496,-744.302886330258,0.001,64,32,5000,ula,14
1280,162560,-714.278375777037,0.001,64,32,5000,ula,14
1312,166624,-697.8915878659749,0.001,64,32,5000,ula,14
1344,170688,-736.669601246857,0.001,64,32,5000,ula,14
1376,174752,-756.6276660237464,0.001,64,32,5000,ula,14
1408,178816,-704.0662191823449,0.001,64,32,5000,ula,14
1440,182880,-729.2417692057902,0.001,64,32,5000,ula,14
1472,186944,-768.6132402871683,0.001,64,32,5000,ula,14
1504,191008,-802.5702860749898,0.001,64,32,5000,ula,14
1536,195072,-790.5118592896706,0.001,64,32,5000,ula,14
1568,199136,-719.0015196334954,0.001,64,32,5000,ula,14
1600,203200,-731.1183322826622,0.001,64,32,5000,ula,14
1632,207264,-743.5847758243223,0.001,64,32,5000,ula,14
1664,211328,-718.1629941232246,0.001,64,32,5000,ula,14
1696,215392,-704.6601281741201,0.001,64,32,5000,ula,14
1728,219456,-737.2837007880528,0.001,64,32,5000,ula,14
1760,223520,-749.7958248405401,0.001,64,32,5000,ula,14
1792,227584,-795.8960527928767,0.001,64,32,5000,ula,14
1824,231648,-784.8192671919751,0.001,64,32,5000,ula,14
1856,235712,-726.153456602413,0.001,64,32,5000,ula,14
1888,239776,-716.2092835235472,0.001,64,32,5000,ula,14
1920,243840,-794.2668409561651,0.001,64,32,5000,ula,14
1952,247904,-783.6277924694936,0.001,64,32,5000,ula,14
1984,251968,-702.2346981969923,0.001,64,32,5000,ula,14
2016,256032,-778.5453976100458,0.001,64,32,5000,ula,14
2048,260096,-744.2135378292821,0.001,64,32,5000,ula,14
2080,264160,-742.133231020901,0.001,64,32,5000,ula,14
2112,268224,-804.9011401945003,0.001,64,32,5000,ula,14
2144,272288,-741.7973268855029,0.001,64,32,5000,ula,14
2176,276352,-764.2658241254094,0.001,64,32,5000,ula,14
2208,280416,-726.2514045759663,0.001,64,32,5000,ula,14
2240,284480,-732.9675966234596,0.001,64,32,5000,ula,14
2272,288544,-804.1444747316598,0.001,64,32,5000,ula,14
2304,292608,-736.0404429750105,0.001,64,32,5000,ula,14
2336,296672,-768.0302365890777,0.001,64,32,5000,ula,14
2368,300736,-775.141986463933,0.001,64,32,5000,ula,14
2400,304800,-750.4640139466609,0.001,64,32,5000,ula,14
2432,308864,-765.9454412636977,0.001,64,32,5000,ula,14
2464,312928,-815.7371102651433,0.001,64,32,5000,ula,14
2496,316992,-794.0229888842645,0.001,64,32,5000,ula,14
2528,321056,-753.4103481606099,0.001,64,32,5000,ula,14
2560,325120,-698.7593024485378,0.001,64,32,5000,ula,14
2592,329184,-711.375423440063,0.001,64,32,5000,ula,14
2624,333248,-775.2181824203233,0.001,64,32,5000,ula,14
2656,337312,-789.6616268668737,0.001,64,32,5000,ula,14
2688,341376,-777.6206346421535,0.001,64,32,5000,ula,14
2720,345440,-776.9893450624493,0.001,64,32,5000,ula,14
2752,349504,-759.0239562619578,0.001,64,32,5000,ula,14
2784,353568,-761.6305430333329,0.001,64,32,5000,ula,14
2816,357632,-698.660439749044,0.001,64,32,5000,ula,14
2848,361696,-746.3230120282963,0.001,64,32,5000,ula,14
2880,365760,-737.7906087238814,0.001,64,32,5000,ula,14
2912,369824,-787.3561505410837,0.001,64,32,5000,ula,14
2944,373888,-762.9380452816978,0.001,64,32,5000,ula,14
2976,377952,-779.007789174868,0.001,64,32,5000,ula,14
3008,382016,-765.7615203885185,0.001,64,32,5000,ula,14
3040,386080,-694.7514729651863,0.001,64,32,5000,ula,14
3072,390144,-728.2299469324682,0.001,64,32,5000,ula,14
3104,394208,-749.9113239482037,0.001,64,32,5000,ula,14
3136,398272,-741.9193045161064,0.001,64,32,5000,ula,14
3168,402336,-795.0200916681484,0.001,64,32,5000,ula,14
3200,406400,-725.6757030796632,0.001,64,32,5000,ula,14
3232,410464,-741.6240723631848,0.001,64,32,5000,ula,14
3264,414528,-692.7903596224737,0.001,64,32,5000,ula,14
3296,418592,-733.4455064658707,0.001,64,32,5000,ula,14
3328,422656,-772.5049271843827,0.001,64,32,5000,ula,14
3360,426720,-755.4279769538296,0.001,64,32,5000,ula,14
3392,430784,-755.6098614473385,0.001,64,32,5000,ula,14
3424,434848,-739.2619714500779,0.001,64,32,5000,ula,14
3456,438912,-755.1154349969462,0.001,64,32,5000,ula,14
3488,442976,-781.5691631617456,0.001,64,32,5000,ula,14
3520,447040,-735.6341233735927,0.001,64,32,5000,ula,14
3552,451104,-746.4653369880162,0.001,64,32,5000,ula,14
3584,455168,-784.4665168746651,0.001,64,32,5000,ula,14
3616,459232,-721.1701117008168,0.001,64,32,5000,ula,14
3648,463296,-766.8635700527271,0.001,64,32,5000,ula,14
3680,467360,-774.1408919978096,0.001,64,32,5000,ula,14
3712,471424,-760.6485974577431,0.001,64,32,5000,ula,14
3744,475488,-746.2934070890626,0.001,64,32,5000,ula,14
3776,479552,-695.4884016093291,0.001,64,32,5000,ula,14
3808,483616,-792.3015705114115,0.001,64,32,5000,ula,14
3840,487680,-734.3531136501799,0.001,64,32,5000,ula,14
3872,491744,-734.2947245467435,0.001,64,32,5000,ula,14
3904,495808,-727.1323413219528,0.001,64,32,5000,ula,14
3936,499872,-726.9269158666145,0.001,64,32,5000,ula,14
3968,503936,-707.601101167673,0.001,64,32,5000,ula,14
4000,508000,-732.342372997559,0.001,64,32,5000,ula,14
4032,512064,-746.4849417597651,0.001,64,32,5000,ula,14
4064,516128,-700.5578284346637,0.001,64,32,5000,ula,14
4096,520192,-771.291384244894,0.001,64,32,5000,ula,14
4128,524256,-722.5410611532278,0.001,64,32,5000,ula,14
4160,528320,-774.4834886198729,0.001,64,32,5000,ula,14
4192,532384,-718.2821556055517,0.001,64,32,5000,ula,14
4224,536448,-714.6039399080204,0.001,64,32,5000,ula,14
4256,540512,-740.8456813248389,0.001,64,32,5000,ula,14
4288,544576,-734.76342716725,0.001,64,32,5000,ula,14
4320,548640,-743.8473763515564,0.001,64,32,5000,ula,14
4352,552704,-729.4116775009205,0.001,64,32,5000,ula,14
4384,556768,-718.4183285250155,0.001,64,32,5000,ula,14
4416,560832,-803.7706208836092,0.001,64,32,5000,ula,14
4448,564896,-768.7003083597479,0.001,64,32,5000,ula,14
4480,568960,-766.863518553112,0.001,64,32,5000,ula,14
4512,573024,-738.1654193524408,0.001,64,32,5000,ula,14
4544,577088,-695.737396319227,0.001,64,32,5000,ula,14
4576,581152,-691.4981898875136,0.001,64,32,5000,ula,14
4608,585216,-739.0604639174804,0.001,64,32,5000,ula,14
4640,589280,-726.7276369638636,0.001,64,32,5000,ula,14
4672,593344,-798.6459396862249,0.001,64,32,5000,ula,14
4704,597408,-761.1857982783057,0.001,64,32,5000,ula,14
4736,601472,-682.2765458827736,0.001,64,32,5000,ula,14
4768,605536,-683.1376588454365,0.001,64,32,5000,ula,14
4800,609600,-768.8789911680219,0.001,64,32,5000,ula,14
4832,613664,-753.478555383045,0.001,64,32,5000,ula,14
4864,617728,-709.8211204585522,0.001,64,32,5000,ula,14
4896,621792,-745.6470684344785,0.001,64,32,5000,ula,14
4928,625856,-704.0549254007741,0.001,64,32,5000,ula,14
4960,629920,-746.9968057076653,0.001,64,32,5000,ula,14
4992,633984,-741.8321783661612,0.001,64,32,5000,ula,14
5024,638048,-723.8760967893487,0.001,64,32,5000,ula,14
5056,642112,-696.1619088740234,0.001,64,32,5000,ula,14
5088,646176,-764.8208770954177,0.001,64,32,5000,ula,14
5120,650240,-714.2403027784397,0.001,64,32,5000,ula,14
5152,654304,-733.3709364754538,0.001,64,32,5000,ula,14
5184,658368,-785.145528014485,0.001,64,32,5000,ula,14
5216,662432,-724.5300892759543,0.001,64,32,5000,ula,14
5248,666496,-700.50350942221,0.001,64,32,5000,ula,14
5280,670560,-729.647961305846,0.001,64,32,5000,ula,14
5312,674624,-730.3517002316588,0.001,64,32,5000,ula,14
5344,678688,-662.0369491028524,0.001,64,32,5000,ula,14
5376,682752,-703.585203343505,0.001,64,32,5000,ula,14
5408,686816,-751.1990040552927,0.001,64,32,5000,ula,14
5440,690880,-764.316412974223,0.001,64,32,5000,ula,14
5472,694944,-741.6408065710363,0.001,64,32,5000,ula,14
5504,699008,-727.6570163320565,0.001,64,32,5000,ula,14
5536,703072,-702.8958238785389,0.001,64,32,5000,ula,14
5568,707136,-779.0488624025348,0.001,64,32,5000,ula,14
5600,711200,-699.9274358255477,0.001,64,32,5000,ula,14
5632,715264,-703.2607093854949,0.001,64,32,5000,ula,14
5664,719328,-739.1854231695756,0.001,64,32,5000,ula,14
5696,723392,-739.1380370185568,0.001,64,32,5000,ula,14
5728,727456,-670.9178246263665,0.001,64,32,5000,ula,14
5760,731520,-804.3176505233671,0.001,64,32,5000,ula,14
5792,735584,-736.6896688919817,0.001,64,32,5000,ula,14
5824,739648,-745.9628492683548,0.001,64,32,5000,ula,14
5856,743712,-741.4426256649983,0.001,64,32,5000,ula,14
5888,747776,-716.1673198443631,0.001,64,32,5000,ula,14
5920,751840,-735.4764650058629,0.001,64,32,5000,ula,14
5952,755904,-768.82913852633,0.001,64,32,5000,ula,14
5984,759968,-695.5970914263522,0.001,64,32,5000,ula,14
6016,764032,-746.0887609895411,0.001,64,32,5000,ula,14
6048,768096,-773.6081261434513,0.001,64,32,5000,ula,14
6080,772160,-795.3911646407246,0.001,64,32,5000,ula,14
6112,776224,-738.6918551785695,0.001,64,32,5000,ula,14
6144,780288,-745.4828037751643,0.001,64,32,5000,ula,14
6176,784352,-727.8235669945682,0.001,64,32,5000,ula,14
6208,788416,-772.9965716608884,0.001,64,32,5000,ula,14
6240,792480,-711.2558423945569,0.001,64,32,5000,ula,14
6272,796544,-725.5288867014442,0.001,64,32,5000,ula,14
6304,800608,-776.9531354509642,0.001,64,32,5000,ula,14
6336,804672,-752.5975749660112,0.001,64,32,5000,ula,14
6368,808736,-738.8372843279637,0.001,64,32,5000,ula,14
6400,812800,-755.0630935974912,0.001,64,32,5000,ula,14
6432,816864,-664.4164148334418,0.001,64,32,5000,ula,14
6464,820928,-743.8768525605506,0.001,64,32,5000,ula,14
6496,824992,-700.2931244310709,0.001,64,32,5000,ula,14
6528,829056,-739.2406932646876,0.001,64,32,5000,ula,14
6560,833120,-768.8263196968131,0.001,64,32,5000,ula,14
6592,837184,-750.6323257195307,0.001,64,32,5000,ula,14
6624,841248,-749.2321717574645,0.001,64,32,5000,ula,14
6656,845312,-753.1412883840208,0.001,64,32,5000,ula,14
6688,849376,-736.5202656395666,0.001,64,32,5000,ula,14
6720,853440,-696.6342358004505,0.001,64,32,5000,ula,14
6752,857504,-786.0534939734682,0.001,64,32,5000,ula,14
6784,861568,-723.9627882583114,0.001,64,32,5000,ula,14
6816,865632,-674.3687369496105,0.001,64,32,5000,ula,14
6848,869696,-682.2839946473382,0.001,64,32,5000,ula,14
6880,873760,-745.2487127361802,0.001,64,32,5000,ula,14
6912,877824,-743.9333140109522,0.001,64,32,5000,ula,14
6944,881888,-692.8626431268407,0.001,64,32,5000,ula,14
6976,885952,-710.1354415274021,0.001,64,32,5000,ula,14
7008,890016,-772.4258843169615,0.001,64,32,5000,ula,14
7040,894080,-739.5075504508519,0.001,64,32,5000,ula,14
7072,898144,-671.2526840802662,0.001,64,32,5000,ula,14
7104,902208,-771.8067069396395,0.001,64,32,5000,ula,14
7136,906272,-759.8322575239844,0.001,64,32,5000,ula,14
7168,910336,-743.9033826441488,0.001,64,32,5000,ula,14
7200,914400,-731.07220272083,0.001,64,32,5000,ula,14
7232,918464,-721.8074172446801,0.001,64,32,5000,ula,14
7264,922528,-702.8249969574898,0.001,64,32,5000,ula,14
7296,926592,-677.2003489766602,0.001,64,32,5000,ula,14
7328,930656,-745.2405686097558,0.001,64,32,5000,ula,14
7360,934720,-735.9882341499061,0.001,64,32,5000,ula,14
7392,938784,-763.2210772023537,0.001,64,32,5000,ula,14
7424,942848,-740.13563588359,0.001,64,32,5000,ula,14
7456,946912,-725.0266894386732,0.001,64,32,5000,ula,14
7488,950976,-681.3830671081453,0.001,64,32,5000,ula,14
7520,955040,-730.8128678856478,0.001,64,32,5000,ula,14
7552,959104,-694.1079062870695,0.001,64,32,5000,ula,14
7584,963168,-720.3827285949835,0.001,64,32,5000,ula,14
7616,967232,-733.4280325317276,0.001,64,32,5000,ula,14
7648,971296,-736.8823056648719,0.001,64,32,5000,ula,14
7680,975360,-720.2191858158141,0.001,64,32,5000,ula,14
7712,979424,-724.9029075010375,0.001,64,32,5000,ula,14
7744,983488,-685.9259449927814,0.001,64,32,5000,ula,14
7776,987552,-706.3357888780995,0.001,64,32,5000,ula,14
7808,991616,-709.6621457390801,0.001,64,32,5000,ula,14
7840,995680,-710.1183177759959,0.001,64,32,5000,ula,14
7872,999744,-699.840000730119,0.001,64,32,5000,ula,14
7904,1003808,-731.7317149232682,0.001,64,32,5000,ula,14
7936,1007872,-700.1162180031926,0.001,64,32,5000,ula,14
7968,1011936,-729.9302745055305,0.001,64,32,5000,ula,14
8000,1016000,-694.175875192123,0.001,64,32,5000,ula,14
8032,1020064,-755.3563255948624,0.001,64,32,5000,ula,14
8064,1024128,-701.8359452794448,0.001,64,32,5000,ula,14
8096,1028192,-714.0342240625416,0.001,64,32,5000,ula,14
8128,1032256,-708.193441092167,0.001,64,32,5000,ula,14
8160,1036320,-693.8003445311944,0.001,64,32,5000,ula,14
8192,1040384,-747.6685942761382,0.001,64,32,5000,ula,14
8224,1044448,-734.6661687478247,0.001,64,32,5000,ula,14
8256,1048512,-685.6974524869316,0.001,64,32,5000,ula,14
8288,1052576,-720.6823870845092,0.001,64,32,5000,ula,14
8320,1056640,-725.9921398232465,0.001,64,32,5000,ula,14
8352,1060704,-757.2323136222478,0.001,64,32,5000,ula,14
8384,1064768,-670.7755382565925,0.001,64,32,5000,ula,14
8416,1068832,-737.8600406356829,0.001,64,32,5000,ula,14
8448,1072896,-750.3728144516128,0.001,64,32,5000,ula,14
8480,1076960,-669.0772433348326,0.001,64,32,5000,ula,14
8512,1081024,-739.4573461898086,0.001,64,32,5000,ula,14
8544,1085088,-728.5402896692616,0.001,64,32,5000,ula,14
8576,1089152,-724.5410200038973,0.001,64,32,5000,ula,14
8608,1093216,-733.531271243271,0.001,64,32,5000,ula,14
8640,1097280,-717.3777553914996,0.001,64,32,5000,ula,14
8672,1101344,-749.0784311388343,0.001,64,32,5000,ula,14
8704,1105408,-735.0620829207528,0.001,64,32,5000,ula,14
8736,1109472,-672.7019864046401,0.001,64,32,5000,ula,14
8768,1113536,-697.5539239874652,0.001,64,32,5000,ula,14
8800,1117600,-744.0133293785528,0.001,64,32,5000,ula,14
8832,1121664,-681.0010037557164,0.001,64,32,5000,ula,14
8864,1125728,-672.0508037715075,0.001,64,32,5000,ula,14
8896,1129792,-676.7578883193505,0.001,64,32,5000,ula,14
8928,1133856,-759.4565555466261,0.001,64,32,5000,ula,14
8960,1137920,-767.8799403686012,0.001,64,32,5000,ula,14
8992,1141984,-749.8550923926733,0.001,64,32,5000,ula,14
9024,1146048,-672.615539878635,0.001,64,32,5000,ula,14
9056,1150112,-717.4961677540379,0.001,64,32,5000,ula,14
9088,1154176,-690.7927536849106,0.001,64,32,5000,ula,14
9120,1158240,-710.4379591287245,0.001,64,32,5000,ula,14
9152,1162304,-732.8566533964294,0.001,64,32,5000,ula,14
9184,1166368,-771.4272183771071,0.001,64,32,5000,ula,14
9216,1170432,-682.2427506375559,0.001,64,32,5000,ula,14
9248,1174496,-730.7587615543139,0.001,64,32,5000,ula,14
9280,1178560,-747.1866139482158,0.001,64,32,5000,ula,14
9312,1182624,-718.4907597945447,0.001,64,32,5000,ula,14
9344,1186688,-705.0116508102996,0.001,64,32,5000,ula,14
9376,1190752,-726.7317072913928,0.001,64,32,5000,ula,14
9408,1194816,-753.9915518995966,0.001,64,32,5000,ula,14
9440,1198880,-678.706580593205,0.001,64,32,5000,ula,14
9472,1202944,-678.2813903720058,0.001,64,32,5000,ula,14
9504,1207008,-751.4544398405689,0.001,64,32,5000,ula,14
9536,1211072,-734.5888985402579,0.001,64,32,5000,ula,14
9568,1215136,-763.6500826161,0.001,64,32,5000,ula,14
9600,1219200,-742.3881638208697,0.001,64,32,5000,ula,14
9632,1223264,-685.5450294016771,0.001,64,32,5000,ula,14
9664,1227328,-727.9375085997165,0.001,64,32,5000,ula,14
9696,1231392,-721.9728123371868,0.001,64,32,5000,ula,14
9728,1235456,-731.2131084352221,0.001,64,32,5000,ula,14
9760,1239520,-712.1098799171817,0.001,64,32,5000,ula,14
9792,1243584,-742.473282121911,0.001,64,32,5000,ula,14
9824,1247648,-747.3336832883957,0.001,64,32,5000,ula,14
9856,1251712,-708.5987085100304,0.001,64,32,5000,ula,14
9888,1255776,-703.3251067614914,0.001,64,32,5000,ula,14
9920,1259840,-732.7842209582224,0.001,64,32,5000,ula,14
9952,1263904,-701.593179920571,0.001,64,32,5000,ula,14
9984,1267968,-717.6860026542574,0.001,64,32,5000,ula,14
10016,1272032,-663.6467376885797,0.001,64,32,5000,ula,14
10048,1276096,-732.2392780557475,0.001,64,32,5000,ula,14
10080,1280160,-674.8743097469127,0.001,64,32,5000,ula,14
10112,1284224,-753.833495578292,0.001,64,32,5000,ula,14
10144,1288288,-761.7632386314503,0.001,64,32,5000,ula,14
10176,1292352,-752.3120292619891,0.001,64,32,5000,ula,14
10208,1296416,-712.6278763009835,0.001,64,32,5000,ula,14
10240,1300480,-724.7272845030104,0.001,64,32,5000,ula,14
10272,1304544,-609.8006698954471,0.001,64,32,5000,ula,14
10304,1308608,-741.5289103152986,0.001,64,32,5000,ula,14
10336,1312672,-701.3312913594201,0.001,64,32,5000,ula,14
10368,1316736,-774.0399061059945,0.001,64,32,5000,ula,14
10400,1320800,-681.541082993067,0.001,64,32,5000,ula,14
10432,1324864,-693.7237129131078,0.001,64,32,5000,ula,14
10464,1328928,-695.3310089377284,0.001,64,32,5000,ula,14
10496,1332992,-640.1358831607188,0.001,64,32,5000,ula,14
10528,1337056,-741.985035691054,0.001,64,32,5000,ula,14
10560,1341120,-744.8650473494966,0.001,64,32,5000,ula,14
10592,1345184,-712.8328341551737,0.001,64,32,5000,ula,14
10624,1349248,-738.8640455631365,0.001,64,32,5000,ula,14
10656,1353312,-738.1108734023492,0.001,64,32,5000,ula,14
10688,1357376,-717.2079063616702,0.001,64,32,5000,ula,14
10720,1361440,-734.4867087780499,0.001,64,32,5000,ula,14
10752,1365504,-739.9909539682197,0.001,64,32,5000,ula,14
10784,1369568,-766.6190607066528,0.001,64,32,5000,ula,14
10816,1373632,-686.8064978028453,0.001,64,32,5000,ula,14
10848,1377696,-644.2778318196483,0.001,64,32,5000,ula,14
10880,1381760,-743.2945642529344,0.001,64,32,5000,ula,14
10912,1385824,-725.0156051815743,0.001,64,32,5000,ula,14
10944,1389888,-713.5679099118714,0.001,64,32,5000,ula,14
10976,1393952,-698.9561166604465,0.001,64,32,5000,ula,14
11008,1398016,-754.0277915691466,0.001,64,32,5000,ula,14
11040,1402080,-693.4473155829277,0.001,64,32,5000,ula,14
11072,1406144,-679.747006816638,0.001,64,32,5000,ula,14
11104,1410208,-733.4034889634032,0.001,64,32,5000,ula,14
11136,1414272,-762.7279073537483,0.001,64,32,5000,ula,14
11168,1418336,-726.7308370254375,0.001,64,32,5000,ula,14
11200,1422400,-716.8035801616936,0.001,64,32,5000,ula,14
11232,1426464,-715.9978046501744,0.001,64,32,5000,ula,14
11264,1430528,-629.9851029483016,0.001,64,32,5000,ula,14
11296,1434592,-742.44140736102,0.001,64,32,5000,ula,14
11328,1438656,-752.0876307403114,0.001,64,32,5000,ula,14
11360,1442720,-698.1070106102779,0.001,64,32,5000,ula,14
11392,1446784,-707.6004623764795,0.001,64,32,5000,ula,14
11424,1450848,-706.2432655695809,0.001,64,32,5000,ula,14
11456,1454912,-733.4219283300014,0.001,64,32,5000,ula,14
11488,1458976,-732.6951153432524,0.001,64,32,5000,ula,14
11520,1463040,-689.8667905187538,0.001,64,32,5000,ula,14
11552,1467104,-733.3227197929131,0.001,64,32,5000,ula,14
11584,1471168,-745.5535978490739,0.001,64,32,5000,ula,14
11616,1475232,-768.272319600237,0.001,64,32,5000,ula,14
11648,1479296,-749.9280001958127,0.001,64,32,5000,ula,14
11680,1483360,-735.8185826111994,0.001,64,32,5000,ula,14
11712,1487424,-682.0550474311563,0.001,64,32,5000,ula,14
11744,1491488,-745.2610343845828,0.001,64,32,5000,ula,14
11776,1495552,-679.2348759748278,0.001,64,32,5000,ula,14
11808,1499616,-705.4967069422322,0.001,64,32,5000,ula,14
11840,1503680,-689.2380334581605,0.001,64,32,5000,ula,14
11872,1507744,-707.40939162093,0.001,64,32,5000,ula,14
11904,1511808,-673.4581628485618,0.001,64,32,5000,ula,14
11936,1515872,-677.0390714618172,0.001,64,32,5000,ula,14
11968,1519936,-726.0124040149474,0.001,64,32,5000,ula,14
12000,1524000,-710.9436589336735,0.001,64,32,5000,ula,14
12032,1528064,-675.56057532509,0.001,64,32,5000,ula,14
12064,1532128,-731.4016592277725,0.001,64,32,5000,ula,14
12096,1536192,-726.8939096507531,0.001,64,32,5000,ula,14
12128,1540256,-726.8030670973158,0.001,64,32,5000,ula,14
12160,1544320,-681.38472412006,0.001,64,32,5000,ula,14
12192,1548384,-747.7987580724096,0.001,64,32,5000,ula,14
12224,1552448,-726.4440700667924,0.001,64,32,5000,ula,14
12256,1556512,-668.270547133767,0.001,64,32,5000,ula,14
12288,1560576,-748.4549653327459,0.001,64,32,5000,ula,14
12320,1564640,-649.4903195069658,0.001,64,32,5000,ula,14
12352,1568704,-778.6799556864422,0.001,64,32,5000,ula,14
12384,1572768,-735.2308340196016,0.001,64,32,5000,ula,14
12416,1576832,-679.0398082110931,0.001,64,32,5000,ula,14
12448,1580896,-658.4324525973691,0.001,64,32,5000,ula,14
12480,1584960,-672.5814485481086,0.001,64,32,5000,ula,14
12512,1589024,-757.2521323706584,0.001,64,32,5000,ula,14
12544,1593088,-699.613474430967,0.001,64,32,5000,ula,14
12576,1597152,-675.9492635328312,0.001,64,32,5000,ula,14
12608,1601216,-686.441940109717,0.001,64,32,5000,ula,14
12640,1605280,-745.706760450797,0.001,64,32,5000,ula,14
12672,1609344,-698.8006198882864,0.001,64,32,5000,ula,14
12704,1613408,-741.9139470943535,0.001,64,32,5000,ula,14
12736,1617472,-734.3144567129178,0.001,64,32,5000,ula,14
12768,1621536,-730.6923144391791,0.001,64,32,5000,ula,14
12800,1625600,-711.2923386889472,0.001,64,32,5000,ula,14
12832,1629664,-724.7876779561299,0.001,64,32,5000,ula,14
12864,1633728,-722.2513075542993,0.001,64,32,5000,ula,14
12896,1637792,-711.1239226664663,0.001,64,32,5000,ula,14
12928,1641856,-670.5870850984538,0.001,64,32,5000,ula,14
12960,1645920,-729.1773686047648,0.001,64,32,5000,ula,14
12992,1649984,-672.1374378480791,0.001,64,32,5000,ula,14
13024,1654048,-726.0482961845282,0.001,64,32,5000,ula,14
13056,1658112,-722.0312668798555,0.001,64,32,5000,ula,14
13088,1662176,-723.1571681178183,0.001,64,32,5000,ula,14
13120,1666240,-654.9671709863998,0.001,64,32,5000,ula,14
13152,1670304,-728.1969824449014,0.001,64,32,5000,ula,14
13184,1674368,-674.365802562433,0.001,64,32,5000,ula,14
13216,1678432,-711.8019798353195,0.001,64,32,5000,ula,14
13248,1682496,-700.7223757419708,0.001,64,32,5000,ula,14
13280,1686560,-705.9138922654597,0.001,64,32,5000,ula,14
13312,1690624,-727.0307735859883,0.001,64,32,5000,ula,14
13344,1694688,-673.6496495844622,0.001,64,32,5000,ula,14
13376,1698752,-723.373855581248,0.001,64,32,5000,ula,14
13408,1702816,-733.6404996880797,0.001,64,32,5000,ula,14
13440,1706880,-721.4726788919188,0.001,64,32,5000,ula,14
13472,1710944,-700.4968671974974,0.001,64,32,5000,ula,14
13504,1715008,-719.4980165606456,0.001,64,32,5000,ula,14
13536,1719072,-713.832850349445,0.001,64,32,5000,ula,14
13568,1723136,-739.8234488348477,0.001,64,32,5000,ula,14
13600,1727200,-699.7641883135235,0.001,64,32,5000,ula,14
13632,1731264,-732.7520778967838,0.001,64,32,5000,ula,14
13664,1735328,-724.8699819304645,0.001,64,32,5000,ula,14
13696,1739392,-666.6677410035578,0.001,64,32,5000,ula,14
13728,1743456,-728.4869608044918,0.001,64,32,5000,ula,14
13760,1747520,-709.3909085746473,0.001,64,32,5000,ula,14
13792,1751584,-747.9027199101713,0.001,64,32,5000,ula,14
13824,1755648,-729.9554571491689,0.001,64,32,5000,ula,14
13856,1759712,-731.7372363816952,0.001,64,32,5000,ula,14
13888,1763776,-717.4001751924271,0.001,64,32,5000,ula,14
13920,1767840,-730.880234643126,0.001,64,32,5000,ula,14
13952,1771904,-679.3256473120395,0.001,64,32,5000,ula,14
13984,1775968,-700.875983633904,0.001,64,32,5000,ula,14
14016,1780032,-686.8228781579388,0.001,64,32,5000,ula,14
14048,1784096,-711.6011036166153,0.001,64,32,5000,ula,14
14080,1788160,-705.5027339861855,0.001,64,32,5000,ula,14
14112,1792224,-744.0633646946457,0.001,64,32,5000,ula,14
14144,1796288,-698.7051889308188,0.001,64,32,5000,ula,14
14176,1800352,-736.1576894053334,0.001,64,32,5000,ula,14
14208,1804416,-705.8519510731804,0.001,64,32,5000,ula,14
14240,1808480,-752.1568080352188,0.001,64,32,5000,ula,14
14272,1812544,-749.8580040275275,0.001,64,32,5000,ula,14
14304,1816608,-677.3470333588136,0.001,64,32,5000,ula,14
14336,1820672,-708.4116725931091,0.001,64,32,5000,ula,14
14368,1824736,-709.707000323147,0.001,64,32,5000,ula,14
14400,1828800,-676.2014062040033,0.001,64,32,5000,ula,14
14432,1832864,-703.8429806303601,0.001,64,32,5000,ula,14
14464,1836928,-728.7324873974419,0.001,64,32,5000,ula,14
14496,1840992,-724.5171266829556,0.001,64,32,5000,ula,14
14528,1845056,-734.7883997493852,0.001,64,32,5000,ula,14
14560,1849120,-703.2807116054588,0.001,64,32,5000,ula,14
14592,1853184,-721.1933325554982,0.001,64,32,5000,ula,14
14624,1857248,-736.0126948851066,0.001,64,32,5000,ula,14
14656,1861312,-698.8581995202209,0.001,64,32,5000,ula,14
14688,1865376,-662.247485638136,0.001,64,32,5000,ula,14
14720,1869440,-684.0873899415225,0.001,64,32,5000,ula,14
14752,1873504,-712.2915795651159,0.001,64,32,5000,ula,14
14784,1877568,-684.0921868688722,0.001,64,32,5000,ula,14
14816,1881632,-619.4870096269684,0.001,64,32,5000,ula,14
14848,1885696,-714.6617981609626,0.001,64,32,5000,ula,14
14880,1889760,-738.4191732810813,0.001,64,32,5000,ula,14
14912,1893824,-739.1483351365487,0.001,64,32,5000,ula,14
14944,1897888,-703.1526669415395,0.001,64,32,5000,ula,14
14976,1901952,-735.2919235904521,0.001,64,32,5000,ula,14
15008,1906016,-719.4912862661397,0.001,64,32,5000,ula,14
15040,1910080,-665.1892811887795,0.001,64,32,5000,ula,14
15072,1914144,-699.407030425415,0.001,64,32,5000,ula,14
15104,1918208,-692.3699408871017,0.001,64,32,5000,ula,14
15136,1922272,-669.1065086946884,0.001,64,32,5000,ula,14
15168,1926336,-667.4921259879865,0.001,64,32,5000,ula,14
15200,1930400,-688.4853056788456,0.001,64,32,5000,ula,14
15232,1934464,-714.1927856874061,0.001,64,32,5000,ula,14
15264,1938528,-716.6545808568184,0.001,64,32,5000,ula,14
15296,1942592,-732.8632203979377,0.001,64,32,5000,ula,14
15328,1946656,-665.9639078452468,0.001,64,32,5000,ula,14
15360,1950720,-687.6298162432091,0.001,64,32,5000,ula,14
15392,1954784,-731.928698048729,0.001,64,32,5000,ula,14
15424,1958848,-694.4375429135501,0.001,64,32,5000,ula,14
15456,1962912,-693.1551948848086,0.001,64,32,5000,ula,14
15488,1966976,-709.3380176448908,0.001,64,32,5000,ula,14
15520,1971040,-704.8910665569472,0.001,64,32,5000,ula,14
15552,1975104,-726.2107965096002,0.001,64,32,5000,ula,14
15584,1979168,-657.834492092076,0.001,64,32,5000,ula,14
15616,1983232,-732.5233539418979,0.001,64,32,5000,ula,14
15648,1987296,-698.4710562583679,0.001,64,32,5000,ula,14
15680,1991360,-660.9009684379299,0.001,64,32,5000,ula,14
15712,1995424,-694.6353910071313,0.001,64,32,5000,ula,14
15744,1999488,-671.2368679431215,0.001,64,32,5000,ula,14
15776,2003552,-665.0377103989667,0.001,64,32,5000,ula,14
15808,2007616,-737.1111179345951,0.001,64,32,5000,ula,14
15840,2011680,-721.1614542572743,0.001,64,32,5000,ula,14
15872,2015744,-678.5329678783811,0.001,64,32,5000,ula,14
15904,2019808,-700.5654606092445,0.001,64,32,5000,ula,14
15936,2023872,-714.2205878514119,0.001,64,32,5000,ula,14
15968,2027936,-657.433299975149,0.001,64,32,5000,ula,14
16000,2032000,-694.4354697046875,0.001,64,32,5000,ula,14
16032,2036064,-692.0726702552003,0.001,64,32,5000,ula,14
16064,2040128,-691.2638212329716,0.001,64,32,5000,ula,14
16096,2044192,-734.8552460732988,0.001,64,32,5000,ula,14
16128,2048256,-730.3911993174485,0.001,64,32,5000,ula,14
16160,2052320,-708.6462814382223,0.001,64,32,5000,ula,14
16192,2056384,-727.9776832675751,0.001,64,32,5000,ula,14
16224,2060448,-716.1815041613037,0.001,64,32,5000,ula,14
16256,2064512,-689.812064038934,0.001,64,32,5000,ula,14
16288,2068576,-685.868736884902,0.001,64,32,5000,ula,14
16320,2072640,-705.4944789210973,0.001,64,32,5000,ula,14
16352,2076704,-730.0479010010355,0.001,64,32,5000,ula,14
16384,2080768,-685.2386977154474,0.001,64,32,5000,ula,14
16416,2084832,-676.4357359047613,0.001,64,32,5000,ula,14
16448,2088896,-692.6528152919831,0.001,64,32,5000,ula,14
16480,2092960,-662.1923661172564,0.001,64,32,5000,ula,14
16512,2097024,-675.7580883379572,0.001,64,32,5000,ula,14
16544,2101088,-692.322524289464,0.001,64,32,5000,ula,14
16576,2105152,-672.9822564225236,0.001,64,32,5000,ula,14
16608,2109216,-716.3680800286367,0.001,64,32,5000,ula,14
16640,2113280,-677.6637707149209,0.001,64,32,5000,ula,14
16672,2117344,-659.295486805396,0.001,64,32,5000,ula,14
16704,2121408,-684.1656895106518,0.001,64,32,5000,ula,14
16736,2125472,-686.6270024193215,0.001,64,32,5000,ula,14
16768,2129536,-697.0644669423742,0.001,64,32,5000,ula,14
16800,2133600,-700.7306866749535,0.001,64,32,5000,ula,14
16832,2137664,-745.6694020471399,0.001,64,32,5000,ula,14
16864,2141728,-724.4850025283831,0.001,64,32,5000,ula,14
16896,2145792,-661.2031528100237,0.001,64,32,5000,ula,14
16928,2149856,-715.4043732708076,0.001,64,32,5000,ula,14
16960,2153920,-729.5550380910568,0.001,64,32,5000,ula,14
16992,2157984,-707.0986314682136,0.001,64,32,5000,ula,14
17024,2162048,-707.8609438487989,0.001,64,32,5000,ula,14
17056,2166112,-712.9642136346171,0.001,64,32,5000,ula,14
17088,2170176,-694.5139227711487,0.001,64,32,5000,ula,14
17120,2174240,-655.2150224241321,0.001,64,32,5000,ula,14
17152,2178304,-714.4170941076346,0.001,64,32,5000,ula,14
17184,2182368,-692.0475129267714,0.001,64,32,5000,ula,14
17216,2186432,-701.9412462167605,0.001,64,32,5000,ula,14
17248,2190496,-643.1388022660178,0.001,64,32,5000,ula,14
17280,2194560,-656.8530386773838,0.001,64,32,5000,ula,14
17312,2198624,-675.1100879324742,0.001,64,32,5000,ula,14
17344,2202688,-697.3406996204366,0.001,64,32,5000,ula,14
17376,2206752,-700.8395155124597,0.001,64,32,5000,ula,14
17408,2210816,-685.3427677472228,0.001,64,32,5000,ula,14
17440,2214880,-641.1668313490306,0.001,64,32,5000,ula,14
17472,2218944,-675.7748332627601,0.001,64,32,5000,ula,14
17504,2223008,-661.3070541377451,0.001,64,32,5000,ula,14
17536,2227072,-714.6617920670542,0.001,64,32,5000,ula,14
17568,2231136,-734.6623187532401,0.001,64,32,5000,ula,14
17600,2235200,-720.2094662792823,0.001,64,32,5000,ula,14
17632,2239264,-671.6795228084701,0.001,64,32,5000,ula,14
17664,2243328,-697.5582757116624,0.001,64,32,5000,ula,14
17696,2247392,-665.7465118164247,0.001,64,32,5000,ula,14
17728,2251456,-670.0998466539264,0.001,64,32,5000,ula,14
17760,2255520,-719.8812851682351,0.001,64,32,5000,ula,14
17792,2259584,-686.112600276179,0.001,64,32,5000,ula,14
17824,2263648,-726.3578394273716,0.001,64,32,5000,ula,14
17856,2267712,-737.1237331983226,0.001,64,32,5000,ula,14
17888,2271776,-673.0067455774063,0.001,64,32,5000,ula,14
17920,2275840,-722.7602842609624,0.001,64,32,5000,ula,14
17952,2279904,-666.5957051440022,0.001,64,32,5000,ula,14
17984,2283968,-684.13700431569,0.001,64,32,5000,ula,14
18016,2288032,-689.4566389659857,0.001,64,32,5000,ula,14
18048,2292096,-720.2398496454944,0.001,64,32,5000,ula,14
18080,2296160,-696.6186966459459,0.001,64,32,5000,ula,14
18112,2300224,-698.4260937596133,0.001,64,32,5000,ula,14
18144,2304288,-728.7367098940355,0.001,64,32,5000,ula,14
18176,2308352,-726.1293123596633,0.001,64,32,5000,ula,14
18208,2312416,-665.711975168832,0.001,64,32,5000,ula,14
18240,2316480,-695.6955057254952,0.001,64,32,5000,ula,14
18272,2320544,-747.9861693012089,0.001,64,32,5000,ula,14
18304,2324608,-678.185906313597,0.001,64,32,5000,ula,14
18336,2328672,-666.1709771184687,0.001,64,32,5000,ula,14
18368,2332736,-681.6527536771122,0.001,64,32,5000,ula,14
18400,2336800,-720.8226304971879,0.001,64,32,5000,ula,14
18432,2340864,-712.7652745184716,0.001,64,32,5000,ula,14
18464,2344928,-718.8692480400165,0.001,64,32,5000,ula,14
18496,2348992,-662.7193002896197,0.001,64,32,5000,ula,14
18528,2353056,-700.4071376028058,0.001,64,32,5000,ula,14
18560,2357120,-653.816686378431,0.001,64,32,5000,ula,14
18592,2361184,-695.3809529488809,0.001,64,32,5000,ula,14
18624,2365248,-671.4270003646772,0.001,64,32,5000,ula,14
18656,2369312,-738.5201512941769,0.001,64,32,5000,ula,14
18688,2373376,-662.3573461402661,0.001,64,32,5000,ula,14
18720,2377440,-676.6246358618603,0.001,64,32,5000,ula,14
18752,2381504,-616.2636613941226,0.001,64,32,5000,ula,14
18784,2385568,-687.3757737167833,0.001,64,32,5000,ula,14
18816,2389632,-693.729347078297,0.001,64,32,5000,ula,14
18848,2393696,-709.8480193249754,0.001,64,32,5000,ula,14
18880,2397760,-735.0259531207586,0.001,64,32,5000,ula,14
18912,2401824,-719.1501785776962,0.001,64,32,5000,ula,14
18944,2405888,-684.3748924996553,0.001,64,32,5000,ula,14
18976,2409952,-694.4381947824068,0.001,64,32,5000,ula,14
19008,2414016,-661.1979564901087,0.001,64,32,5000,ula,14
19040,2418080,-668.2827418984126,0.001,64,32,5000,ula,14
19072,2422144,-601.8623859157783,0.001,64,32,5000,ula,14
19104,2426208,-681.4897119219886,0.001,64,32,5000,ula,14
19136,2430272,-722.5786792224574,0.001,64,32,5000,ula,14
19168,2434336,-686.8294188171199,0.001,64,32,5000,ula,14
19200,2438400,-654.219414035305,0.001,64,32,5000,ula,14
19232,2442464,-700.2982027456829,0.001,64,32,5000,ula,14
19264,2446528,-692.2716115625461,0.001,64,32,5000,ula,14
19296,2450592,-666.4622646690985,0.001,64,32,5000,ula,14
19328,2454656,-723.3827674686147,0.001,64,32,5000,ula,14
19360,2458720,-697.7534281740399,0.001,64,32,5000,ula,14
19392,2462784,-662.4126661690619,0.001,64,32,5000,ula,14
19424,2466848,-699.5213337912986,0.001,64,32,5000,ula,14
19456,2470912,-733.4536503059943,0.001,64,32,5000,ula,14
19488,2474976,-605.4429451443698,0.001,64,32,5000,ula,14
19520,2479040,-650.0881086392652,0.001,64,32,5000,ula,14
19552,2483104,-702.7760593623817,0.001,64,32,5000,ula,14
19584,2487168,-687.918919607351,0.001,64,32,5000,ula,14
19616,2491232,-742.4631491791957,0.001,64,32,5000,ula,14
19648,2495296,-682.7609608269797,0.001,64,32,5000,ula,14
19680,2499360,-695.656356041003,0.001,64,32,5000,ula,14
19712,2503424,-726.7703032377266,0.001,64,32,5000,ula,14
19744,2507488,-710.3470430509486,0.001,64,32,5000,ula,14
19776,2511552,-692.3224510613037,0.001,64,32,5000,ula,14
19808,2515616,-655.3417427750566,0.001,64,32,5000,ula,14
19840,2519680,-702.3069631087218,0.001,64,32,5000,ula,14
19872,2523744,-649.815243630759,0.001,64,32,5000,ula,14
19904,2527808,-693.4138645892873,0.001,64,32,5000,ula,14
19936,2531872,-746.2498989098859,0.001,64,32,5000,ula,14
19968,2535936,-683.6581246842776,0.001,64,32,5000,ula,14
20000,2540000,-665.8629718935427,0.001,64,32,5000,ula,14
20032,2544064,-696.1200742667124,0.001,64,32,5000,ula,14
20064,2548128,-680.0350482228243,0.001,64,32,5000,ula,14
20096,2552192,-643.9363688835788,0.001,64,32,5000,ula,14
20128,2556256,-705.5934975089369,0.001,64,32,5000,ula,14
20160,2560320,-679.8762078754373,0.001,64,32,5000,ula,14
20192,2564384,-706.2344269896643,0.001,64,32,5000,ula,14
20224,2568448,-690.1629459461213,0.001,64,32,5000,ula,14
20256,2572512,-726.383170279255,0.001,64,32,5000,ula,14
20288,2576576,-713.1981618167819,0.001,64,32,5000,ula,14
20320,2580640,-682.9309680788103,0.001,64,32,5000,ula,14
20352,2584704,-696.074825390943,0.001,64,32,5000,ula,14
20384,2588768,-670.1883523801151,0.001,64,32,5000,ula,14
20416,2592832,-695.0638755742191,0.001,64,32,5000,ula,14
20448,2596896,-657.0982511325388,0.001,64,32,5000,ula,14
20480,2600960,-682.6556947659464,0.001,64,32,5000,ula,14
20512,2605024,-665.3790345097023,0.001,64,32,5000,ula,14
20544,2609088,-703.1856425181721,0.001,64,32,5000,ula,14
20576,2613152,-655.029796020986,0.001,64,32,5000,ula,14
20608,2617216,-718.9694129324708,0.001,64,32,5000,ula,14
20640,2621280,-687.5571834595019,0.001,64,32,5000,ula,14
20672,2625344,-732.7838489331247,0.001,64,32,5000,ula,14
20704,2629408,-662.2194292743312,0.001,64,32,5000,ula,14
20736,2633472,-692.2873230050917,0.001,64,32,5000,ula,14
20768,2637536,-694.2896962354133,0.001,64,32,5000,ula,14
20800,2641600,-691.4523566014524,0.001,64,32,5000,ula,14
20832,2645664,-676.1135296775623,0.001,64,32,5000,ula,14
20864,2649728,-693.2882495696687,0.001,64,32,5000,ula,14
20896,2653792,-699.7413599431615,0.001,64,32,5000,ula,14
20928,2657856,-711.8960555293077,0.001,64,32,5000,ula,14
20960,2661920,-697.1931182618388,0.001,64,32,5000,ula,14
20992,2665984,-714.9560632492138,0.001,64,32,5000,ula,14
21024,2670048,-639.7627928172116,0.001,64,32,5000,ula,14
21056,2674112,-653.4692941917284,0.001,64,32,5000,ula,14
21088,2678176,-676.3206621454106,0.001,64,32,5000,ula,14
21120,2682240,-712.4650684525759,0.001,64,32,5000,ula,14
21152,2686304,-681.3447072112951,0.001,64,32,5000,ula,14
21184,2690368,-682.059933700668,0.001,64,32,5000,ula,14
21216,2694432,-686.2904700399764,0.001,64,32,5000,ula,14
21248,2698496,-682.442858141546,0.001,64,32,5000,ula,14
21280,2702560,-654.467350872857,0.001,64,32,5000,ula,14
21312,2706624,-737.9549347725907,0.001,64,32,5000,ula,14
21344,2710688,-657.7570798298875,0.001,64,32,5000,ula,14
21376,2714752,-698.8680009996012,0.001,64,32,5000,ula,14
21408,2718816,-655.1832388977542,0.001,64,32,5000,ula,14
21440,2722880,-695.7752082034857,0.001,64,32,5000,ula,14
21472,2726944,-692.1411690946719,0.001,64,32,5000,ula,14
21504,2731008,-680.919409105935,0.001,64,32,5000,ula,14
21536,2735072,-684.5761759427191,0.001,64,32,5000,ula,14
21568,2739136,-718.2212115069998,0.001,64,32,5000,ula,14
21600,2743200,-730.7948996739011,0.001,64,32,5000,ula,14
21632,2747264,-678.1398199392439,0.001,64,32,5000,ula,14
21664,2751328,-711.0303239779715,0.001,64,32,5000,ula,14
21696,2755392,-686.2858497991265,0.001,64,32,5000,ula,14
21728,2759456,-685.1783748023138,0.001,64,32,5000,ula,14
21760,2763520,-693.0814203397404,0.001,64,32,5000,ula,14
21792,2767584,-723.1861922474989,0.001,64,32,5000,ula,14
21824,2771648,-676.4838828870073,0.001,64,32,5000,ula,14
21856,2775712,-702.3511950893333,0.001,64,32,5000,ula,14
21888,2779776,-707.9331697757088,0.001,64,32,5000,ula,14
21920,2783840,-652.2972822213034,0.001,64,32,5000,ula,14
21952,2787904,-693.2275859204002,0.001,64,32,5000,ula,14
21984,2791968,-711.3677573548097,0.001,64,32,5000,ula,14
22016,2796032,-662.383699443968,0.001,64,32,5000,ula,14
22048,2800096,-691.1284703526868,0.001,64,32,5000,ula,14
22080,2804160,-686.4253932377776,0.001,64,32,5000,ula,14
22112,2808224,-699.7068292459295,0.001,64,32,5000,ula,14
22144,2812288,-664.4255189747344,0.001,64,32,5000,ula,14
22176,2816352,-684.8215645589125,0.001,64,32,5000,ula,14
22208,2820416,-684.4992194800807,0.001,64,32,5000,ula,14
22240,2824480,-704.5341155836153,0.001,64,32,5000,ula,14
22272,2828544,-665.7826783199979,0.001,64,32,5000,ula,14
22304,2832608,-631.4535255379905,0.001,64,32,5000,ula,14
22336,2836672,-669.928850136924,0.001,64,32,5000,ula,14
22368,2840736,-702.6108861480154,0.001,64,32,5000,ula,14
22400,2844800,-658.1496964300393,0.001,64,32,5000,ula,14
22432,2848864,-683.9322081532532,0.001,64,32,5000,ula,14
22464,2852928,-630.3910151908552,0.001,64,32,5000,ula,14
22496,2856992,-624.0764628562683,0.001,64,32,5000,ula,14
22528,2861056,-676.4227054032508,0.001,64,32,5000,ula,14
22560,2865120,-652.9228750393614,0.001,64,32,5000,ula,14
22592,2869184,-691.4082195578791,0.001,64,32,5000,ula,14
22624,2873248,-670.2452749364043,0.001,64,32,5000,ula,14
22656,2877312,-668.4617665898683,0.001,64,32,5000,ula,14
22688,2881376,-728.0106213877615,0.001,64,32,5000,ula,14
22720,2885440,-699.5079531663374,0.001,64,32,5000,ula,14
22752,2889504,-650.4695210369661,0.001,64,32,5000,ula,14
22784,2893568,-678.7215938029525,0.001,64,32,5000,ula,14
22816,2897632,-626.1750614860523,0.001,64,32,5000,ula,14
22848,2901696,-656.5961253074356,0.001,64,32,5000,ula,14
22880,2905760,-657.3356907588337,0.001,64,32,5000,ula,14
22912,2909824,-678.711865149789,0.001,64,32,5000,ula,14
22944,2913888,-660.9379818307204,0.001,64,32,5000,ula,14
22976,2917952,-659.0293791873809,0.001,64,32,5000,ula,14
23008,2922016,-649.6512648173156,0.001,64,32,5000,ula,14
23040,2926080,-693.632764360953,0.001,64,32,5000,ula,14
23072,2930144,-649.7392765628871,0.001,64,32,5000,ula,14
23104,2934208,-659.2927902086909,0.001,64,32,5000,ula,14
23136,2938272,-680.7235417599846,0.001,64,32,5000,ula,14
23168,2942336,-704.7491357066797,0.001,64,32,5000,ula,14
23200,2946400,-666.1679639286283,0.001,64,32,5000,ula,14
23232,2950464,-633.3366947467522,0.001,64,32,5000,ula,14
23264,2954528,-651.5847294890851,0.001,64,32,5000,ula,14
23296,2958592,-636.8704715913727,0.001,64,32,5000,ula,14
23328,2962656,-673.9793041613275,0.001,64,32,5000,ula,14
23360,2966720,-646.1359713504947,0.001,64,32,5000,ula,14
23392,2970784,-654.6451101206762,0.001,64,32,5000,ula,14
23424,2974848,-709.9524602480379,0.001,64,32,5000,ula,14
23456,2978912,-673.1315338804375,0.001,64,32,5000,ula,14
23488,2982976,-639.802319804039,0.001,64,32,5000,ula,14
23520,2987040,-654.1893511814117,0.001,64,32,5000,ula,14
23552,2991104,-697.232581590626,0.001,64,32,5000,ula,14
23584,2995168,-674.087197900875,0.001,64,32,5000,ula,14
23616,2999232,-658.6911879904734,0.001,64,32,5000,ula,14
23648,3003296,-660.6831306033422,0.001,64,32,5000,ula,14
23680,3007360,-649.8592823488339,0.001,64,32,5000,ula,14
23712,3011424,-687.4367603847267,0.001,64,32,5000,ula,14
23744,3015488,-659.7739483715167,0.001,64,32,5000,ula,14
23776,3019552,-685.5053885355267,0.001,64,32,5000,ula,14
23808,3023616,-665.3342709356526,0.001,64,32,5000,ula,14
23840,3027680,-665.7698825758043,0.001,64,32,5000,ula,14
23872,3031744,-699.0327594324673,0.001,64,32,5000,ula,14
23904,3035808,-619.2651105182861,0.001,64,32,5000,ula,14
23936,3039872,-664.4370561156848,0.001,64,32,5000,ula,14
23968,3043936,-634.18078690285,0.001,64,32,5000,ula,14
24000,3048000,-698.9028629834495,0.001,64,32,5000,ula,14
24032,3052064,-628.7676153585888,0.001,64,32,5000,ula,14
24064,3056128,-671.3771132215461,0.001,64,32,5000,ula,14
24096,3060192,-649.1555641900927,0.001,64,32,5000,ula,14
24128,3064256,-674.6218494012695,0.001,64,32,5000,ula,14
24160,3068320,-685.5325045353816,0.001,64,32,5000,ula,14
24192,3072384,-669.1367403965835,0.001,64,32,5000,ula,14
24224,3076448,-629.1253352942948,0.001,64,32,5000,ula,14
24256,3080512,-665.4474791494056,0.001,64,32,5000,ula,14
24288,3084576,-654.6371320813308,0.001,64,32,5000,ula,14
24320,3088640,-671.1919486445432,0.001,64,32,5000,ula,14
24352,3092704,-705.969864007343,0.001,64,32,5000,ula,14
24384,3096768,-647.1886464145822,0.001,64,32,5000,ula,14
24416,3100832,-665.233365943977,0.001,64,32,5000,ula,14
24448,3104896,-674.2342795528216,0.001,64,32,5000,ula,14
24480,3108960,-673.2672592801097,0.001,64,32,5000,ula,14
24512,3113024,-667.6061075536544,0.001,64,32,5000,ula,14
24544,3117088,-622.6275444539797,0.001,64,32,5000,ula,14
24576,3121152,-658.1433968963778,0.001,64,32,5000,ula,14
24608,3125216,-644.1122476831814,0.001,64,32,5000,ula,14
24640,3129280,-674.7693205930227,0.001,64,32,5000,ula,14
24672,3133344,-680.2875686711711,0.001,64,32,5000,ula,14
24704,3137408,-652.2782811404179,0.001,64,32,5000,ula,14
24736,3141472,-666.3457762379809,0.001,64,32,5000,ula,14
24768,3145536,-642.4547540640447,0.001,64,32,5000,ula,14
24800,3149600,-674.2499470929816,0.001,64,32,5000,ula,14
24832,3153664,-636.7139602427974,0.001,64,32,5000,ula,14
24864,3157728,-667.6562118483929,0.001,64,32,5000,ula,14
24896,3161792,-668.3605018645155,0.001,64,32,5000,ula,14
24928,3165856,-651.6415857405677,0.001,64,32,5000,ula,14
24960,3169920,-663.9271163578076,0.001,64,32,5000,ula,14
24992,3173984,-590.8451758112924,0.001,64,32,5000,ula,14
25024,3178048,-644.20466713406,0.001,64,32,5000,ula,14
25056,3182112,-621.1028694236421,0.001,64,32,5000,ula,14
25088,3186176,-661.5130728060141,0.001,64,32,5000,ula,14
25120,3190240,-664.8247875815488,0.001,64,32,5000,ula,14
25152,3194304,-643.7124876326048,0.001,64,32,5000,ula,14
25184,3198368,-596.1895551412371,0.001,64,32,5000,ula,14
25216,3202432,-637.5921536692907,0.001,64,32,5000,ula,14
25248,3206496,-674.2531393960666,0.001,64,32,5000,ula,14
25280,3210560,-643.6254010932871,0.001,64,32,5000,ula,14
25312,3214624,-673.157585863121,0.001,64,32,5000,ula,14
25344,3218688,-664.0648244842748,0.001,64,32,5000,ula,14
25376,3222752,-629.2438442247358,0.001,64,32,5000,ula,14
25408,3226816,-645.7028551298006,0.001,64,32,5000,ula,14
25440,3230880,-629.3387946522556,0.001,64,32,5000,ula,14
25472,3234944,-698.547863138746,0.001,64,32,5000,ula,14
25504,3239008,-631.4453466805205,0.001,64,32,5000,ula,14
25536,3243072,-662.8260140437432,0.001,64,32,5000,ula,14
25568,3247136,-636.1051709038511,0.001,64,32,5000,ula,14
25600,3251200,-678.710008065928,0.001,64,32,5000,ula,14
25632,3255264,-568.7328367431916,0.001,64,32,5000,ula,14
25664,3259328,-661.1472422249491,0.001,64,32,5000,ula,14
25696,3263392,-656.4601061839281,0.001,64,32,5000,ula,14
25728,3267456,-605.6393004646328,0.001,64,32,5000,ula,14
25760,3271520,-663.1671240794435,0.001,64,32,5000,ula,14
25792,3275584,-650.2939086750764,0.001,64,32,5000,ula,14
25824,3279648,-651.8991537516423,0.001,64,32,5000,ula,14
25856,3283712,-616.7112361027392,0.001,64,32,5000,ula,14
25888,3287776,-682.9262454911786,0.001,64,32,5000,ula,14
25920,3291840,-633.0877838964304,0.001,64,32,5000,ula,14
25952,3295904,-632.87122029505,0.001,64,32,5000,ula,14
25984,3299968,-671.1841658213751,0.001,64,32,5000,ula,14
26016,3304032,-665.2455144996801,0.001,64,32,5000,ula,14
26048,3308096,-642.6936911069256,0.001,64,32,5000,ula,14
26080,3312160,-667.3811450103057,0.001,64,32,5000,ula,14
26112,3316224,-645.6053701369509,0.001,64,32,5000,ula,14
26144,3320288,-617.7393230310971,0.001,64,32,5000,ula,14
26176,3324352,-662.4215877301833,0.001,64,32,5000,ula,14
26208,3328416,-657.7029316463841,0.001,64,32,5000,ula,14
26240,3332480,-656.5912065841778,0.001,64,32,5000,ula,14
26272,3336544,-667.2591669426916,0.001,64,32,5000,ula,14
26304,3340608,-572.1593077887505,0.001,64,32,5000,ula,14
26336,3344672,-655.9619238887526,0.001,64,32,5000,ula,14
26368,3348736,-635.8741538956579,0.001,64,32,5000,ula,14
26400,3352800,-568.1311768178869,0.001,64,32,5000,ula,14
26432,3356864,-638.3109129047997,0.001,64,32,5000,ula,14
26464,3360928,-649.5856014632074,0.001,64,32,5000,ula,14
26496,3364992,-651.772629908445,0.001,64,32,5000,ula,14
26528,3369056,-638.5853467328085,0.001,64,32,5000,ula,14
26560,3373120,-658.8700561444793,0.001,64,32,5000,ula,14
26592,3377184,-664.1659145692207,0.001,64,32,5000,ula,14
26624,3381248,-665.2007932319766,0.001,64,32,5000,ula,14
26656,3385312,-608.6402919320877,0.001,64,32,5000,ula,14
26688,3389376,-652.0045669197021,0.001,64,32,5000,ula,14
26720,3393440,-650.0787052551098,0.001,64,32,5000,ula,14
26752,3397504,-628.3747154253712,0.001,64,32,5000,ula,14
26784,3401568,-611.8064716497511,0.001,64,32,5000,ula,14
26816,3405632,-658.9360302279772,0.001,64,32,5000,ula,14
26848,3409696,-670.7909407613998,0.001,64,32,5000,ula,14
26880,3413760,-698.8451825620531,0.001,64,32,5000,ula,14
26912,3417824,-615.300742946376,0.001,64,32,5000,ula,14
26944,3421888,-614.7590167159275,0.001,64,32,5000,ula,14
26976,3425952,-579.5283700497023,0.001,64,32,5000,ula,14
27008,3430016,-672.7999650786206,0.001,64,32,5000,ula,14
27040,3434080,-648.0579212464311,0.001,64,32,5000,ula,14
27072,3438144,-637.5171978221663,0.001,64,32,5000,ula,14
27104,3442208,-676.1308933839041,0.001,64,32,5000,ula,14
27136,3446272,-655.8096942673809,0.001,64,32,5000,ula,14
27168,3450336,-632.7988459540094,0.001,64,32,5000,ula,14
27200,3454400,-657.4301738250361,0.001,64,32,5000,ula,14
27232,3458464,-695.286242339637,0.001,64,32,5000,ula,14
27264,3462528,-689.7526108640852,0.001,64,32,5000,ula,14
27296,3466592,-642.6048234127331,0.001,64,32,5000,ula,14
27328,3470656,-647.5876749338703,0.001,64,32,5000,ula,14
27360,3474720,-667.6099669617435,0.001,64,32,5000,ula,14
27392,3478784,-661.8394553061744,0.001,64,32,5000,ula,14
27424,3482848,-558.1982214596293,0.001,64,32,5000,ula,14
27456,3486912,-605.8882678853282,0.001,64,32,5000,ula,14
27488,3490976,-666.7528184323274,0.001,64,32,5000,ula,14
27520,3495040,-628.7150773460173,0.001,64,32,5000,ula,14
27552,3499104,-663.8385189285024,0.001,64,32,5000,ula,14
27584,3503168,-674.8129414983148,0.001,64,32,5000,ula,14
27616,3507232,-624.5238233210231,0.001,64,32,5000,ula,14
27648,3511296,-655.4251749170758,0.001,64,32,5000,ula,14
27680,3515360,-670.5245745560015,0.001,64,32,5000,ula,14
27712,3519424,-675.6448066355215,0.001,64,32,5000,ula,14
27744,3523488,-634.0168543473645,0.001,64,32,5000,ula,14
27776,3527552,-651.6040287512017,0.001,64,32,5000,ula,14
27808,3531616,-609.97692421928,0.001,64,32,5000,ula,14
27840,3535680,-632.2214715941594,0.001,64,32,5000,ula,14
27872,3539744,-630.1783401559899,0.001,64,32,5000,ula,14
27904,3543808,-626.4108170969506,0.001,64,32,5000,ula,14
27936,3547872,-655.419521489977,0.001,64,32,5000,ula,14
27968,3551936,-613.4278667508717,0.001,64,32,5000,ula,14
28000,3556000,-646.600861915319,0.001,64,32,5000,ula,14
28032,3560064,-633.0577701129891,0.001,64,32,5000,ula,14
28064,3564128,-634.9433829139954,0.001,64,32,5000,ula,14
28096,3568192,-615.5621309363383,0.001,64,32,5000,ula,14
28128,3572256,-621.5855743140049,0.001,64,32,5000,ula,14
28160,3576320,-615.064696196812,0.001,64,32,5000,ula,14
28192,3580384,-612.834645470871,0.001,64,32,5000,ula,14
28224,3584448,-602.3010168137475,0.001,64,32,5000,ula,14
28256,3588512,-647.5068883729102,0.001,64,32,5000,ula,14
28288,3592576,-614.6030900065042,0.001,64,32,5000,ula,14
28320,3596640,-657.2794449639188,0.001,64,32,5000,ula,14
28352,3600704,-594.2786691545938,0.001,64,32,5000,ula,14
28384,3604768,-625.9182358222303,0.001,64,32,5000,ula,14
28416,3608832,-589.761085679704,0.001,64,32,5000,ula,14
28448,3612896,-618.2008427062661,0.001,64,32,5000,ula,14
28480,3616960,-642.2676269763541,0.001,64,32,5000,ula,14
28512,3621024,-661.1893722355327,0.001,64,32,5000,ula,14
28544,3625088,-627.4753555957626,0.001,64,32,5000,ula,14
28576,3629152,-618.9023978813138,0.001,64,32,5000,ula,14
28608,3633216,-634.5324349264229,0.001,64,32,5000,ula,14
28640,3637280,-638.694545039688,0.001,64,32,5000,ula,14
28672,3641344,-636.4664873289083,0.001,64,32,5000,ula,14
28704,3645408,-641.5352948634962,0.001,64,32,5000,ula,14
28736,3649472,-540.7043944356366,0.001,64,32,5000,ula,14
28768,3653536,-644.2584741961288,0.001,64,32,5000,ula,14
28800,3657600,-602.9022952064521,0.001,64,32,5000,ula,14
28832,3661664,-635.0787413146087,0.001,64,32,5000,ula,14
28864,3665728,-645.4745423902727,0.001,64,32,5000,ula,14
28896,3669792,-622.8447352776834,0.001,64,32,5000,ula,14
28928,3673856,-616.0797280155459,0.001,64,32,5000,ula,14
28960,3677920,-646.6344684898148,0.001,64,32,5000,ula,14
28992,3681984,-638.3263616045697,0.001,64,32,5000,ula,14
29024,3686048,-635.6851258802611,0.001,64,32,5000,ula,14
29056,3690112,-625.6191583066931,0.001,64,32,5000,ula,14
29088,3694176,-627.6698843847345,0.001,64,32,5000,ula,14
29120,3698240,-652.9366264623278,0.001,64,32,5000,ula,14
29152,3702304,-538.4573806156781,0.001,64,32,5000,ula,14
29184,3706368,-583.7504744990115,0.001,64,32,5000,ula,14
29216,3710432,-633.4912212729831,0.001,64,32,5000,ula,14
29248,3714496,-645.2427403152651,0.001,64,32,5000,ula,14
29280,3718560,-590.7336439218162,0.001,64,32,5000,ula,14
29312,3722624,-615.2874131065985,0.001,64,32,5000,ula,14
29344,3726688,-576.9928394700421,0.001,64,32,5000,ula,14
29376,3730752,-657.2033139084328,0.001,64,32,5000,ula,14
29408,3734816,-614.5687394446447,0.001,64,32,5000,ula,14
29440,3738880,-646.1634496523199,0.001,64,32,5000,ula,14
29472,3742944,-550.8970671006085,0.001,64,32,5000,ula,14
29504,3747008,-617.5392052837715,0.001,64,32,5000,ula,14
29536,3751072,-624.1221141733338,0.001,64,32,5000,ula,14
29568,3755136,-595.3999840366961,0.001,64,32,5000,ula,14
29600,3759200,-645.4527834072327,0.001,64,32,5000,ula,14
29632,3763264,-604.8542738072489,0.001,64,32,5000,ula,14
29664,3767328,-613.2693867695369,0.001,64,32,5000,ula,14
29696,3771392,-627.6547068508628,0.001,64,32,5000,ula,14
29728,3775456,-583.6391445865581,0.001,64,32,5000,ula,14
29760,3779520,-613.1639077317241,0.001,64,32,5000,ula,14
29792,3783584,-625.2518867651825,0.001,64,32,5000,ula,14
29824,3787648,-654.3737075417245,0.001,64,32,5000,ula,14
29856,3791712,-587.2120445764044,0.001,64,32,5000,ula,14
29888,3795776,-618.7861537291171,0.001,64,32,5000,ula,14
29920,3799840,-632.9547268401183,0.001,64,32,5000,ula,14
29952,3803904,-626.8364017635728,0.001,64,32,5000,ula,14
29984,3807968,-638.2132093480452,0.001,64,32,5000,ula,14
30016,3812032,-565.351078935197,0.001,64,32,5000,ula,14
30048,3816096,-650.2587768450396,0.001,64,32,5000,ula,14
30080,3820160,-616.8447757207603,0.001,64,32,5000,ula,14
30112,3824224,-630.0000539692228,0.001,64,32,5000,ula,14
30144,3828288,-640.9483114045698,0.001,64,32,5000,ula,14
30176,3832352,-656.8325242861448,0.001,64,32,5000,ula,14
30208,3836416,-593.8394856753588,0.001,64,32,5000,ula,14
30240,3840480,-629.9506182158967,0.001,64,32,5000,ula,14
30272,3844544,-639.706726023177,0.001,64,32,5000,ula,14
30304,3848608,-567.2409942043674,0.001,64,32,5000,ula,14
30336,3852672,-662.5744942403848,0.001,64,32,5000,ula,14
30368,3856736,-647.0819448553414,0.001,64,32,5000,ula,14
30400,3860800,-609.6596472234952,0.001,64,32,5000,ula,14
30432,3864864,-592.5825054529623,0.001,64,32,5000,ula,14
30464,3868928,-660.2352760873059,0.001,64,32,5000,ula,14
30496,3872992,-622.1680628216621,0.001,64,32,5000,ula,14
30528,3877056,-621.0366090875057,0.001,64,32,5000,ula,14
30560,3881120,-518.2680419694885,0.001,64,32,5000,ula,14
30592,3885184,-659.7022628984734,0.001,64,32,5000,ula,14
30624,3889248,-613.1988463949037,0.001,64,32,5000,ula,14
30656,3893312,-635.690395078749,0.001,64,32,5000,ula,14
30688,3897376,-618.1608695351149,0.001,64,32,5000,ula,14
30720,3901440,-626.1163432690248,0.001,64,32,5000,ula,14
30752,3905504,-597.3252935429274,0.001,64,32,5000,ula,14
30784,3909568,-610.9541151101064,0.001,64,32,5000,ula,14
30816,3913632,-608.2481384531883,0.001,64,32,5000,ula,14
30848,3917696,-630.2292446558397,0.001,64,32,5000,ula,14
30880,3921760,-614.6040240761898,0.001,64,32,5000,ula,14
30912,3925824,-616.0369066181473,0.001,64,32,5000,ula,14
30944,3929888,-599.7489067611217,0.001,64,32,5000,ula,14
30976,3933952,-611.3452499156675,0.001,64,32,5000,ula,14
31008,3938016,-581.3105212520852,0.001,64,32,5000,ula,14
31040,3942080,-580.3050532477687,0.001,64,32,5000,ula,14
31072,3946144,-595.6083159761505,0.001,64,32,5000,ula,14
31104,3950208,-599.8658200161044,0.001,64,32,5000,ula,14
31136,3954272,-630.4735891284685,0.001,64,32,5000,ula,14
31168,3958336,-590.2298251508248,0.001,64,32,5000,ula,14
31200,3962400,-642.761520752352,0.001,64,32,5000,ula,14
31232,3966464,-587.2977689375581,0.001,64,32,5000,ula,14
31264,3970528,-587.6122037861494,0.001,64,32,5000,ula,14
31296,3974592,-602.4754959281054,0.001,64,32,5000,ula,14
31328,3978656,-645.4188291257238,0.001,64,32,5000,ula,14
31360,3982720,-587.5929025548119,0.001,64,32,5000,ula,14
31392,3986784,-601.4544182748336,0.001,64,32,5000,ula,14
31424,3990848,-611.3365783862534,0.001,64,32,5000,ula,14
31456,3994912,-615.6430710579921,0.001,64,32,5000,ula,14
31488,3998976,-564.3755714184261,0.001,64,32,5000,ula,14
31520,4003040,-596.873155533705,0.001,64,32,5000,ula,14
31552,4007104,-643.6263418980018,0.001,64,32,5000,ula,14
31584,4011168,-611.8376588270802,0.001,64,32,5000,ula,14
31616,4015232,-587.2378863692899,0.001,64,32,5000,ula,14
31648,4019296,-598.1148521895462,0.001,64,32,5000,ula,14
31680,4023360,-600.6771984591244,0.001,64,32,5000,ula,14
31712,4027424,-628.7615987118998,0.001,64,32,5000,ula,14
31744,4031488,-605.77259081002,0.001,64,32,5000,ula,14
31776,4035552,-601.6770655138674,0.001,64,32,5000,ula,14
31808,4039616,-594.3672727561876,0.001,64,32,5000,ula,14
31840,4043680,-640.596157121893,0.001,64,32,5000,ula,14
31872,4047744,-615.1330488762989,0.001,64,32,5000,ula,14
31904,4051808,-647.3482868345585,0.001,64,32,5000,ula,14
31936,4055872,-615.7764262117443,0.001,64,32,5000,ula,14
31968,4059936,-585.4090211004293,0.001,64,32,5000,ula,14
32000,4064000,-603.2208296239482,0.001,64,32,5000,ula,14
32032,4068064,-606.7831609131922,0.001,64,32,5000,ula,14
32064,4072128,-608.8575118020375,0.001,64,32,5000,ula,14
32096,4076192,-579.9284322442878,0.001,64,32,5000,ula,14
32128,4080256,-583.6661286044654,0.001,64,32,5000,ula,14
32160,4084320,-626.9780082053653,0.001,64,32,5000,ula,14
32192,4088384,-605.6235023882961,0.001,64,32,5000,ula,14
32224,4092448,-603.4625408657976,0.001,64,32,5000,ula,14
32256,4096512,-570.7126312833392,0.001,64,32,5000,ula,14
32288,4100576,-619.9541051845001,0.001,64,32,5000,ula,14
32320,4104640,-626.066675992624,0.001,64,32,5000,ula,14
32352,4108704,-579.5721030906412,0.001,64,32,5000,ula,14
32384,4112768,-657.6548040383575,0.001,64,32,5000,ula,14
32416,4116832,-605.0321532925075,0.001,64,32,5000,ula,14
32448,4120896,-607.5517469335191,0.001,64,32,5000,ula,14
32480,4124960,-612.315691186193,0.001,64,32,5000,ula,14
32512,4129024,-571.7579808575325,0.001,64,32,5000,ula,14
32544,4133088,-628.0320817041626,0.001,64,32,5000,ula,14
32576,4137152,-554.7903152972123,0.001,64,32,5000,ula,14
32608,4141216,-601.6945296277049,0.001,64,32,5000,ula,14
32640,4145280,-592.019547297851,0.001,64,32,5000,ula,14
32672,4149344,-619.2955147590394,0.001,64,32,5000,ula,14
32704,4153408,-593.0915869876761,0.001,64,32,5000,ula,14
32736,4157472,-604.751480520512,0.001,64,32,5000,ula,14
32768,4161536,-570.47757582218,0.001,64,32,5000,ula,14
32800,4165600,-600.1528371356516,0.001,64,32,5000,ula,14
32832,4169664,-590.5291601312887,0.001,64,32,5000,ula,14
32864,4173728,-610.6785132991132,0.001,64,32,5000,ula,14
32896,4177792,-631.6079165815505,0.001,64,32,5000,ula,14
32928,4181856,-591.0677504003655,0.001,64,32,5000,ula,14
32960,4185920,-581.0026755016152,0.001,64,32,5000,ula,14
32992,4189984,-629.039964688504,0.001,64,32,5000,ula,14
33024,4194048,-571.2950766815412,0.001,64,32,5000,ula,14
33056,4198112,-562.6615412818403,0.001,64,32,5000,ula,14
33088,4202176,-594.7662208071204,0.001,64,32,5000,ula,14
33120,4206240,-594.3464429575184,0.001,64,32,5000,ula,14
33152,4210304,-584.1178548339357,0.001,64,32,5000,ula,14
33184,4214368,-570.36639978326,0.001,64,32,5000,ula,14
33216,4218432,-595.8904827428088,0.001,64,32,5000,ula,14
33248,4222496,-579.284836546307,0.001,64,32,5000,ula,14
33280,4226560,-606.5189595127027,0.001,64,32,5000,ula,14
33312,4230624,-599.2998108848478,0.001,64,32,5000,ula,14
33344,4234688,-597.1011765866597,0.001,64,32,5000,ula,14
33376,4238752,-590.1667292001704,0.001,64,32,5000,ula,14
33408,4242816,-521.1552037587893,0.001,64,32,5000,ula,14
33440,4246880,-600.9841544929287,0.001,64,32,5000,ula,14
33472,4250944,-545.3614102109962,0.001,64,32,5000,ula,14
33504,4255008,-574.4763747665155,0.001,64,32,5000,ula,14
33536,4259072,-588.3369661423206,0.001,64,32,5000,ula,14
33568,4263136,-547.7060144904399,0.001,64,32,5000,ula,14
33600,4267200,-528.5237336160287,0.001,64,32,5000,ula,14
33632,4271264,-606.5890618531773,0.001,64,32,5000,ula,14
33664,4275328,-581.9180952155847,0.001,64,32,5000,ula,14
33696,4279392,-573.6052552452579,0.001,64,32,5000,ula,14
33728,4283456,-575.968180440404,0.001,64,32,5000,ula,14
33760,4287520,-599.171263604557,0.001,64,32,5000,ula,14
33792,4291584,-557.9313844151035,0.001,64,32,5000,ula,14
33824,4295648,-598.1489383255715,0.001,64,32,5000,ula,14
33856,4299712,-624.5696975865732,0.001,64,32,5000,ula,14
33888,4303776,-571.4420348514087,0.001,64,32,5000,ula,14
33920,4307840,-546.348556402883,0.001,64,32,5000,ula,14
33952,4311904,-545.9244798259177,0.001,64,32,5000,ula,14
33984,4315968,-499.90577287382473,0.001,64,32,5000,ula,14
34016,4320032,-606.2414507705302,0.001,64,32,5000,ula,14
34048,4324096,-601.2975872830581,0.001,64,32,5000,ula,14
34080,4328160,-616.2908698846841,0.001,64,32,5000,ula,14
34112,4332224,-583.2363859566203,0.001,64,32,5000,ula,14
34144,4336288,-597.3452970742641,0.001,64,32,5000,ula,14
34176,4340352,-554.2467525314813,0.001,64,32,5000,ula,14
34208,4344416,-584.8492402774169,0.001,64,32,5000,ula,14
34240,4348480,-593.7689081095582,0.001,64,32,5000,ula,14
34272,4352544,-600.6103094963437,0.001,64,32,5000,ula,14
34304,4356608,-562.7219384271665,0.001,64,32,5000,ula,14
34336,4360672,-585.4136283243681,0.001,64,32,5000,ula,14
34368,4364736,-557.9544824961621,0.001,64,32,5000,ula,14
34400,4368800,-603.4914476551637,0.001,64,32,5000,ula,14
34432,4372864,-576.1264658357537,0.001,64,32,5000,ula,14
34464,4376928,-591.4612028794959,0.001,64,32,5000,ula,14
34496,4380992,-569.3592604798972,0.001,64,32,5000,ula,14
34528,4385056,-616.9200974705952,0.001,64,32,5000,ula,14
34560,4389120,-599.7586715276926,0.001,64,32,5000,ula,14
34592,4393184,-616.0135207746856,0.001,64,32,5000,ula,14
34624,4397248,-553.6089567617472,0.001,64,32,5000,ula,14
34656,4401312,-556.9037367053013,0.001,64,32,5000,ula,14
34688,4405376,-614.3195683897477,0.001,64,32,5000,ula,14
34720,4409440,-560.5478475433355,0.001,64,32,5000,ula,14
34752,4413504,-565.8028998525508,0.001,64,32,5000,ula,14
34784,4417568,-575.9335147630279,0.001,64,32,5000,ula,14
34816,4421632,-594.3525774369108,0.001,64,32,5000,ula,14
34848,4425696,-570.4792846619233,0.001,64,32,5000,ula,14
34880,4429760,-576.947608858532,0.001,64,32,5000,ula,14
34912,4433824,-548.4970826176304,0.001,64,32,5000,ula,14
34944,4437888,-541.7879329552464,0.001,64,32,5000,ula,14
34976,4441952,-596.3912844350914,0.001,64,32,5000,ula,14
35008,4446016,-558.7715096414635,0.001,64,32,5000,ula,14
35040,4450080,-580.1423061011434,0.001,64,32,5000,ula,14
35072,4454144,-555.6482041253831,0.001,64,32,5000,ula,14
35104,4458208,-587.5038348895058,0.001,64,32,5000,ula,14
35136,4462272,-561.8714620207637,0.001,64,32,5000,ula,14
35168,4466336,-552.6250516668741,0.001,64,32,5000,ula,14
35200,4470400,-582.9913596675395,0.001,64,32,5000,ula,14
35232,4474464,-585.0688205917311,0.001,64,32,5000,ula,14
35264,4478528,-586.599592981809,0.001,64,32,5000,ula,14
35296,4482592,-574.1607243599459,0.001,64,32,5000,ula,14
35328,4486656,-541.8771416926239,0.001,64,32,5000,ula,14
35360,4490720,-537.8467887928324,0.001,64,32,5000,ula,14
35392,4494784,-558.3056378955728,0.001,64,32,5000,ula,14
35424,4498848,-577.533147926832,0.001,64,32,5000,ula,14
35456,4502912,-553.0830734461033,0.001,64,32,5000,ula,14
35488,4506976,-549.2947723213442,0.001,64,32,5000,ula,14
35520,4511040,-608.087508549935,0.001,64,32,5000,ula,14
35552,4515104,-586.0855457074932,0.001,64,32,5000,ula,14
35584,4519168,-625.0708522677677,0.001,64,32,5000,ula,14
35616,4523232,-566.8384360615088,0.001,64,32,5000,ula,14
35648,4527296,-569.4670797546181,0.001,64,32,5000,ula,14
35680,4531360,-592.428850700618,0.001,64,32,5000,ula,14
35712,4535424,-592.7297000590639,0.001,64,32,5000,ula,14
35744,4539488,-577.1243736138568,0.001,64,32,5000,ula,14
35776,4543552,-566.6181179208597,0.001,64,32,5000,ula,14
35808,4547616,-604.0947886547789,0.001,64,32,5000,ula,14
35840,4551680,-558.0423348995279,0.001,64,32,5000,ula,14
35872,4555744,-604.040231454557,0.001,64,32,5000,ula,14
35904,4559808,-595.6748469713103,0.001,64,32,5000,ula,14
35936,4563872,-584.5086374344432,0.001,64,32,5000,ula,14
35968,4567936,-576.1533532101855,0.001,64,32,5000,ula,14
36000,4572000,-604.2752967453831,0.001,64,32,5000,ula,14
36032,4576064,-562.9067323977317,0.001,64,32,5000,ula,14
36064,4580128,-551.4289011721662,0.001,64,32,5000,ula,14
36096,4584192,-557.8213068956107,0.001,64,32,5000,ula,14
36128,4588256,-598.9900289358211,0.001,64,32,5000,ula,14
36160,4592320,-569.0125593055353,0.001,64,32,5000,ula,14
36192,4596384,-525.7910998853931,0.001,64,32,5000,ula,14
36224,4600448,-606.7462655120634,0.001,64,32,5000,ula,14
36256,4604512,-567.6854230966417,0.001,64,32,5000,ula,14
36288,4608576,-595.5269738915254,0.001,64,32,5000,ula,14
36320,4612640,-568.0998882212505,0.001,64,32,5000,ula,14
36352,4616704,-583.3363299676142,0.001,64,32,5000,ula,14
36384,4620768,-555.3115412692557,0.001,64,32,5000,ula,14
36416,4624832,-554.564896539659,0.001,64,32,5000,ula,14
36448,4628896,-555.0559718505302,0.001,64,32,5000,ula,14
36480,4632960,-562.5594975287769,0.001,64,32,5000,ula,14
36512,4637024,-526.0977192559529,0.001,64,32,5000,ula,14
36544,4641088,-548.9044091754372,0.001,64,32,5000,ula,14
36576,4645152,-569.4675380274247,0.001,64,32,5000,ula,14
36608,4649216,-574.1849116900571,0.001,64,32,5000,ula,14
36640,4653280,-569.6558988083353,0.001,64,32,5000,ula,14
36672,4657344,-549.8374954912173,0.001,64,32,5000,ula,14
36704,4661408,-586.5368337908357,0.001,64,32,5000,ula,14
36736,4665472,-564.3547974341834,0.001,64,32,5000,ula,14
36768,4669536,-575.540081357424,0.001,64,32,5000,ula,14
36800,4673600,-564.1222636659058,0.001,64,32,5000,ula,14
36832,4677664,-559.9653777169934,0.001,64,32,5000,ula,14
36864,4681728,-588.6724412270868,0.001,64,32,5000,ula,14
36896,4685792,-535.9664623201334,0.001,64,32,5000,ula,14
36928,4689856,-554.9260593122126,0.001,64,32,5000,ula,14
36960,4693920,-497.3379134760202,0.001,64,32,5000,ula,14
36992,4697984,-584.3613951345528,0.001,64,32,5000,ula,14
37024,4702048,-584.8374948399553,0.001,64,32,5000,ula,14
37056,4706112,-567.4761591616502,0.001,64,32,5000,ula,14
37088,4710176,-540.6230173687264,0.001,64,32,5000,ula,14
37120,4714240,-556.1111819198975,0.001,64,32,5000,ula,14
37152,4718304,-583.5668064809716,0.001,64,32,5000,ula,14
37184,4722368,-558.4604072902212,0.001,64,32,5000,ula,14
37216,4726432,-509.6170277863702,0.001,64,32,5000,ula,14
37248,4730496,-555.8979033354688,0.001,64,32,5000,ula,14
37280,4734560,-549.1404711791713,0.001,64,32,5000,ula,14
37312,4738624,-573.7300774273252,0.001,64,32,5000,ula,14
37344,4742688,-592.6769408691545,0.001,64,32,5000,ula,14
37376,4746752,-572.1399655076008,0.001,64,32,5000,ula,14
37408,4750816,-569.5090156231548,0.001,64,32,5000,ula,14
37440,4754880,-514.7326118275606,0.001,64,32,5000,ula,14
37472,4758944,-528.0066285849243,0.001,64,32,5000,ula,14
37504,4763008,-569.5355193630669,0.001,64,32,5000,ula,14
37536,4767072,-505.4416317025831,0.001,64,32,5000,ula,14
37568,4771136,-556.0437858836037,0.001,64,32,5000,ula,14
37600,4775200,-571.4726639506579,0.001,64,32,5000,ula,14
37632,4779264,-578.2165229464148,0.001,64,32,5000,ula,14
37664,4783328,-566.2902462672137,0.001,64,32,5000,ula,14
37696,4787392,-572.6164517999841,0.001,64,32,5000,ula,14
37728,4791456,-550.5067886354597,0.001,64,32,5000,ula,14
37760,4795520,-553.9145988566816,0.001,64,32,5000,ula,14
37792,4799584,-561.1637445413643,0.001,64,32,5000,ula,14
37824,4803648,-552.8198332149428,0.001,64,32,5000,ula,14
37856,4807712,-515.5659123849562,0.001,64,32,5000,ula,14
37888,4811776,-587.9226899923011,0.001,64,32,5000,ula,14
37920,4815840,-545.1271906167069,0.001,64,32,5000,ula,14
37952,4819904,-542.8935041656341,0.001,64,32,5000,ula,14
37984,4823968,-563.4659059894923,0.001,64,32,5000,ula,14
38016,4828032,-549.6461934805609,0.001,64,32,5000,ula,14
38048,4832096,-481.120324708888,0.001,64,32,5000,ula,14
38080,4836160,-477.32698020013737,0.001,64,32,5000,ula,14
38112,4840224,-579.2437199303848,0.001,64,32,5000,ula,14
38144,4844288,-584.9812122939638,0.001,64,32,5000,ula,14
38176,4848352,-553.3067516634928,0.001,64,32,5000,ula,14
38208,4852416,-553.032219231804,0.001,64,32,5000,ula,14
38240,4856480,-546.4490161736863,0.001,64,32,5000,ula,14
38272,4860544,-525.3194254660555,0.001,64,32,5000,ula,14
38304,4864608,-582.0740140071606,0.001,64,32,5000,ula,14
38336,4868672,-552.6954438565485,0.001,64,32,5000,ula,14
38368,4872736,-544.7198611092235,0.001,64,32,5000,ula,14
38400,4876800,-554.0399251065636,0.001,64,32,5000,ula,14
38432,4880864,-571.0110625772238,0.001,64,32,5000,ula,14
38464,4884928,-537.0549489286037,0.001,64,32,5000,ula,14
38496,4888992,-545.8196932939696,0.001,64,32,5000,ula,14
38528,4893056,-517.1770685737073,0.001,64,32,5000,ula,14
38560,4897120,-529.7288098479742,0.001,64,32,5000,ula,14
38592,4901184,-561.500054875911,0.001,64,32,5000,ula,14
38624,4905248,-576.0899323183553,0.001,64,32,5000,ula,14
38656,4909312,-516.5663536858787,0.001,64,32,5000,ula,14
38688,4913376,-567.8503038057871,0.001,64,32,5000,ula,14
38720,4917440,-542.7868641692922,0.001,64,32,5000,ula,14
38752,4921504,-543.7665786616595,0.001,64,32,5000,ula,14
38784,4925568,-531.0001436514184,0.001,64,32,5000,ula,14
38816,4929632,-565.0765735395313,0.001,64,32,5000,ula,14
38848,4933696,-573.1021130738284,0.001,64,32,5000,ula,14
38880,4937760,-558.1240705451403,0.001,64,32,5000,ula,14
38912,4941824,-523.3387028126987,0.001,64,32,5000,ula,14
38944,4945888,-539.2625057459862,0.001,64,32,5000,ula,14
38976,4949952,-509.4715307006421,0.001,64,32,5000,ula,14
39008,4954016,-553.8117500776746,0.001,64,32,5000,ula,14
39040,4958080,-518.2922670469362,0.001,64,32,5000,ula,14
39072,4962144,-557.1406457819069,0.001,64,32,5000,ula,14
39104,4966208,-554.5619391725077,0.001,64,32,5000,ula,14
39136,4970272,-521.2880671300733,0.001,64,32,5000,ula,14
39168,4974336,-571.5054094783494,0.001,64,32,5000,ula,14
39200,4978400,-567.6684758243623,0.001,64,32,5000,ula,14
39232,4982464,-514.0038376245227,0.001,64,32,5000,ula,14
39264,4986528,-523.5548446727371,0.001,64,32,5000,ula,14
39296,4990592,-574.860222821177,0.001,64,32,5000,ula,14
39328,4994656,-559.7325739913787,0.001,64,32,5000,ula,14
39360,4998720,-568.7078485210734,0.001,64,32,5000,ula,14
39392,5002784,-539.55681528436,0.001,64,32,5000,ula,14
39424,5006848,-537.8017386101552,0.001,64,32,5000,ula,14
39456,5010912,-552.8905364586229,0.001,64,32,5000,ula,14
39488,5014976,-502.22756319503435,0.001,64,32,5000,ula,14
39520,5019040,-563.6020039007116,0.001,64,32,5000,ula,14
39552,5023104,-528.7539734972001,0.001,64,32,5000,ula,14
39584,5027168,-565.8949373922928,0.001,64,32,5000,ula,14
39616,5031232,-522.591022041633,0.001,64,32,5000,ula,14
39648,5035296,-524.2557889286741,0.001,64,32,5000,ula,14
39680,5039360,-528.7681314141324,0.001,64,32,5000,ula,14
39712,5043424,-535.0840980935786,0.001,64,32,5000,ula,14
39744,5047488,-581.9888165523915,0.001,64,32,5000,ula,14
39776,5051552,-555.9830537847344,0.001,64,32,5000,ula,14
39808,5055616,-567.4457957534285,0.001,64,32,5000,ula,14
39840,5059680,-510.34411423985705,0.001,64,32,5000,ula,14
39872,5063744,-518.4694032541745,0.001,64,32,5000,ula,14
39904,5067808,-470.11856399699,0.001,64,32,5000,ula,14
39936,5071872,-581.6490160444581,0.001,64,32,5000,ula,14
39968,5075936,-530.4749141490605,0.001,64,32,5000,ula,14
40000,5080000,-554.3922802180233,0.001,64,32,5000,ula,14
40032,5084064,-505.63520845846506,0.001,64,32,5000,ula,14
40064,5088128,-538.785098237911,0.001,64,32,5000,ula,14
40096,5092192,-583.7922659510598,0.001,64,32,5000,ula,14
40128,5096256,-509.48803171155697,0.001,64,32,5000,ula,14
40160,5100320,-521.5265147887311,0.001,64,32,5000,ula,14
40192,5104384,-548.8937805160259,0.001,64,32,5000,ula,14
40224,5108448,-541.980157057211,0.001,64,32,5000,ula,14
40256,5112512,-536.3449267342604,0.001,64,32,5000,ula,14
40288,5116576,-568.5461184665905,0.001,64,32,5000,ula,14
40320,5120640,-565.8758269382015,0.001,64,32,5000,ula,14
40352,5124704,-479.5492682661619,0.001,64,32,5000,ula,14
40384,5128768,-545.8314619264722,0.001,64,32,5000,ula,14
40416,5132832,-590.5433833987674,0.001,64,32,5000,ula,14
40448,5136896,-538.1576269657428,0.001,64,32,5000,ula,14
40480,5140960,-556.9947698392994,0.001,64,32,5000,ula,14
40512,5145024,-550.9743900768851,0.001,64,32,5000,ula,14
40544,5149088,-505.88212639255084,0.001,64,32,5000,ula,14
40576,5153152,-538.1135758305604,0.001,64,32,5000,ula,14
40608,5157216,-566.0053276486955,0.001,64,32,5000,ula,14
40640,5161280,-552.7531127616396,0.001,64,32,5000,ula,14
40672,5165344,-476.68152516465256,0.001,64,32,5000,ula,14
40704,5169408,-559.3482790922492,0.001,64,32,5000,ula,14
40736,5173472,-510.03396037795176,0.001,64,32,5000,ula,14
40768,5177536,-527.3767534254167,0.001,64,32,5000,ula,14
40800,5181600,-555.5768913174031,0.001,64,32,5000,ula,14
40832,5185664,-538.6622973074709,0.001,64,32,5000,ula,14
40864,5189728,-457.08590234696794,0.001,64,32,5000,ula,14
40896,5193792,-522.816396580989,0.001,64,32,5000,ula,14
40928,5197856,-523.4894541907848,0.001,64,32,5000,ula,14
40960,5201920,-541.6840214084584,0.001,64,32,5000,ula,14
40992,5205984,-547.4040923568923,0.001,64,32,5000,ula,14
41024,5210048,-504.99130035548563,0.001,64,32,5000,ula,14
41056,5214112,-463.6198202359144,0.001,64,32,5000,ula,14
41088,5218176,-548.711303910575,0.001,64,32,5000,ula,14
41120,5222240,-519.8144897045481,0.001,64,32,5000,ula,14
41152,5226304,-538.3323327511281,0.001,64,32,5000,ula,14
41184,5230368,-535.8674042211475,0.001,64,32,5000,ula,14
41216,5234432,-547.5856444610969,0.001,64,32,5000,ula,14
41248,5238496,-547.824746353835,0.001,64,32,5000,ula,14
41280,5242560,-471.89876866238865,0.001,64,32,5000,ula,14
41312,5246624,-535.3588154105814,0.001,64,32,5000,ula,14
41344,5250688,-540.4177891938148,0.001,64,32,5000,ula,14
41376,5254752,-545.6744814843828,0.001,64,32,5000,ula,14
41408,5258816,-549.4937873884749,0.001,64,32,5000,ula,14
41440,5262880,-535.6354072049912,0.001,64,32,5000,ula,14
41472,5266944,-552.252537600646,0.001,64,32,5000,ula,14
41504,5271008,-536.247965952708,0.001,64,32,5000,ula,14
41536,5275072,-530.4508129007228,0.001,64,32,5000,ula,14
41568,5279136,-516.0575452467464,0.001,64,32,5000,ula,14
41600,5283200,-491.7696714072368,0.001,64,32,5000,ula,14
41632,5287264,-543.6033101366799,0.001,64,32,5000,ula,14
41664,5291328,-514.640979486874,0.001,64,32,5000,ula,14
41696,5295392,-497.03236671947593,0.001,64,32,5000,ula,14
41728,5299456,-498.23945376839356,0.001,64,32,5000,ula,14
41760,5303520,-532.4818777034955,0.001,64,32,5000,ula,14
41792,5307584,-480.3405624328868,0.001,64,32,5000,ula,14
41824,5311648,-557.9590239711464,0.001,64,32,5000,ula,14
41856,5315712,-505.927091179653,0.001,64,32,5000,ula,14
41888,5319776,-497.9119029177141,0.001,64,32,5000,ula,14
41920,5323840,-520.1590607876268,0.001,64,32,5000,ula,14
41952,5327904,-535.9342785062396,0.001,64,32,5000,ula,14
41984,5331968,-493.2484556148892,0.001,64,32,5000,ula,14
42016,5336032,-522.1342415061314,0.001,64,32,5000,ula,14
42048,5340096,-493.56323203059685,0.001,64,32,5000,ula,14
42080,5344160,-544.8082761857421,0.001,64,32,5000,ula,14
42112,5348224,-532.8978455447256,0.001,64,32,5000,ula,14
42144,5352288,-504.8372202760688,0.001,64,32,5000,ula,14
42176,5356352,-551.4051963663015,0.001,64,32,5000,ula,14
42208,5360416,-524.9385428141258,0.001,64,32,5000,ula,14
42240,5364480,-543.303110963337,0.001,64,32,5000,ula,14
42272,5368544,-534.042151865236,0.001,64,32,5000,ula,14
42304,5372608,-521.0377179290274,0.001,64,32,5000,ula,14
42336,5376672,-513.5802287086836,0.001,64,32,5000,ula,14
42368,5380736,-485.0857250288111,0.001,64,32,5000,ula,14
42400,5384800,-523.1416287056414,0.001,64,32,5000,ula,14
42432,5388864,-548.8431690132966,0.001,64,32,5000,ula,14
42464,5392928,-528.2210853231477,0.001,64,32,5000,ula,14
42496,5396992,-528.8933260636363,0.001,64,32,5000,ula,14
42528,5401056,-514.3481429440027,0.001,64,32,5000,ula,14
42560,5405120,-523.6189874344799,0.001,64,32,5000,ula,14
42592,5409184,-521.4877115105959,0.001,64,32,5000,ula,14
42624,5413248,-511.87612724582425,0.001,64,32,5000,ula,14
42656,5417312,-455.4188635083153,0.001,64,32,5000,ula,14
42688,5421376,-501.85323929187723,0.001,64,32,5000,ula,14
42720,5425440,-529.391212407653,0.001,64,32,5000,ula,14
42752,5429504,-483.3916717140526,0.001,64,32,5000,ula,14
42784,5433568,-511.44190222473804,0.001,64,32,5000,ula,14
42816,5437632,-499.7137596215094,0.001,64,32,5000,ula,14
42848,5441696,-515.9204202867758,0.001,64,32,5000,ula,14
42880,5445760,-540.1147802510382,0.001,64,32,5000,ula,14
42912,5449824,-475.6603100169641,0.001,64,32,5000,ula,14
42944,5453888,-534.3917773850973,0.001,64,32,5000,ula,14
42976,5457952,-503.9800512849242,0.001,64,32,5000,ula,14
43008,5462016,-534.200406231949,0.001,64,32,5000,ula,14
43040,5466080,-523.4059184118818,0.001,64,32,5000,ula,14
43072,5470144,-521.1013456904742,0.001,64,32,5000,ula,14
43104,5474208,-535.4390862541096,0.001,64,32,5000,ula,14
43136,5478272,-529.2277862812579,0.001,64,32,5000,ula,14
43168,5482336,-527.0167745635664,0.001,64,32,5000,ula,14
43200,5486400,-499.62126176247017,0.001,64,32,5000,ula,14
43232,5490464,-508.52041843781006,0.001,64,32,5000,ula,14
43264,5494528,-538.5062667550001,0.001,64,32,5000,ula,14
43296,5498592,-525.6946469310002,0.001,64,32,5000,ula,14
43328,5502656,-530.7167061165087,0.001,64,32,5000,ula,14
43360,5506720,-509.6899637275453,0.001,64,32,5000,ula,14
43392,5510784,-513.4404989367458,0.001,64,32,5000,ula,14
43424,5514848,-497.8189198508305,0.001,64,32,5000,ula,14
43456,5518912,-450.1198075693823,0.001,64,32,5000,ula,14
43488,5522976,-458.4090186359201,0.001,64,32,5000,ula,14
43520,5527040,-535.57733487894,0.001,64,32,5000,ula,14
43552,5531104,-509.6843541550382,0.001,64,32,5000,ula,14
43584,5535168,-477.64239816500935,0.001,64,32,5000,ula,14
43616,5539232,-499.03679847338674,0.001,64,32,5000,ula,14
43648,5543296,-523.8285767674032,0.001,64,32,5000,ula,14
43680,5547360,-500.54870385361494,0.001,64,32,5000,ula,14
43712,5551424,-500.0651457762545,0.001,64,32,5000,ula,14
43744,5555488,-474.55866344062724,0.001,64,32,5000,ula,14
43776,5559552,-522.8286612081065,0.001,64,32,5000,ula,14
43808,5563616,-451.8758920464816,0.001,64,32,5000,ula,14
43840,5567680,-469.4505800317299,0.001,64,32,5000,ula,14
43872,5571744,-518.4396655194307,0.001,64,32,5000,ula,14
43904,5575808,-474.7529620776856,0.001,64,32,5000,ula,14
43936,5579872,-503.9213888156072,0.001,64,32,5000,ula,14
43968,5583936,-428.5754950698966,0.001,64,32,5000,ula,14
44000,5588000,-494.50665607171413,0.001,64,32,5000,ula,14
44032,5592064,-508.459783717592,0.001,64,32,5000,ula,14
44064,5596128,-435.2964660302317,0.001,64,32,5000,ula,14
44096,5600192,-496.0194846990501,0.001,64,32,5000,ula,14
44128,5604256,-491.1742183444292,0.001,64,32,5000,ula,14
44160,5608320,-462.00412124113143,0.001,64,32,5000,ula,14
44192,5612384,-478.1180621208007,0.001,64,32,5000,ula,14
44224,5616448,-475.4111261538429,0.001,64,32,5000,ula,14
44256,5620512,-460.1096015592355,0.001,64,32,5000,ula,14
44288,5624576,-474.39630504493255,0.001,64,32,5000,ula,14
44320,5628640,-472.1292581910521,0.001,64,32,5000,ula,14
44352,5632704,-462.26014432109855,0.001,64,32,5000,ula,14
44384,5636768,-492.88660454023034,0.001,64,32,5000,ula,14
44416,5640832,-481.38502768779523,0.001,64,32,5000,ula,14
44448,5644896,-482.6567404759993,0.001,64,32,5000,ula,14
44480,5648960,-462.6818456919066,0.001,64,32,5000,ula,14
44512,5653024,-426.0611880083652,0.001,64,32,5000,ula,14
44544,5657088,-463.2353216051831,0.001,64,32,5000,ula,14
44576,5661152,-479.18698549286785,0.001,64,32,5000,ula,14
44608,5665216,-414.51338154841955,0.001,64,32,5000,ula,14
44640,5669280,-453.7870631927877,0.001,64,32,5000,ula,14
44672,5673344,-472.13475668279483,0.001,64,32,5000,ula,14
44704,5677408,-430.71443140135483,0.001,64,32,5000,ula,14
44736,5681472,-398.4926832094279,0.001,64,32,5000,ula,14
44768,5685536,-437.6110513405368,0.001,64,32,5000,ula,14
44800,5689600,-485.0621980013822,0.001,64,32,5000,ula,14
44832,5693664,-472.1848745676178,0.001,64,32,5000,ula,14
44864,5697728,-493.1662744387027,0.001,64,32,5000,ula,14
44896,5701792,-458.2000038838526,0.001,64,32,5000,ula,14
44928,5705856,-437.5371869844592,0.001,64,32,5000,ula,14
44960,5709920,-453.08650365772206,0.001,64,32,5000,ula,14
44992,5713984,-487.6420310715072,0.001,64,32,5000,ula,14
45024,5718048,-490.81461795159663,0.001,64,32,5000,ula,14
45056,5722112,-436.71452280213924,0.001,64,32,5000,ula,14
45088,5726176,-470.5978464313972,0.001,64,32,5000,ula,14
45120,5730240,-447.30603147788435,0.001,64,32,5000,ula,14
45152,5734304,-466.94105591853906,0.001,64,32,5000,ula,14
45184,5738368,-439.6617106319054,0.001,64,32,5000,ula,14
45216,5742432,-446.4469183920999,0.001,64,32,5000,ula,14
45248,5746496,-448.1709243797526,0.001,64,32,5000,ula,14
45280,5750560,-464.3581131297069,0.001,64,32,5000,ula,14
45312,5754624,-448.56224431307623,0.001,64,32,5000,ula,14
45344,5758688,-435.2094001864729,0.001,64,32,5000,ula,14
45376,5762752,-464.0310118053562,0.001,64,32,5000,ula,14
45408,5766816,-459.3733521297833,0.001,64,32,5000,ula,14
45440,5770880,-446.01872701490635,0.001,64,32,5000,ula,14
45472,5774944,-485.4109879192518,0.001,64,32,5000,ula,14
45504,5779008,-446.35490271020154,0.001,64,32,5000,ula,14
45536,5783072,-476.44234913433286,0.001,64,32,5000,ula,14
45568,5787136,-481.8626804734946,0.001,64,32,5000,ula,14
45600,5791200,-459.82397313940214,0.001,64,32,5000,ula,14
45632,5795264,-436.54161348323964,0.001,64,32,5000,ula,14
45664,5799328,-432.3608006233131,0.001,64,32,5000,ula,14
45696,5803392,-479.8195486018276,0.001,64,32,5000,ula,14
45728,5807456,-460.4805977857071,0.001,64,32,5000,ula,14
45760,5811520,-462.9871026093456,0.001,64,32,5000,ula,14
45792,5815584,-460.43404480741594,0.001,64,32,5000,ula,14
45824,5819648,-445.42016117610615,0.001,64,32,5000,ula,14
45856,5823712,-437.06361707336345,0.001,64,32,5000,ula,14
45888,5827776,-402.4975089583636,0.001,64,32,5000,ula,14
45920,5831840,-434.102117423549,0.001,64,32,5000,ula,14
45952,5835904,-454.11143220676524,0.001,64,32,5000,ula,14
45984,5839968,-475.94374098092845,0.001,64,32,5000,ula,14
46016,5844032,-426.7207501432421,0.001,64,32,5000,ula,14
46048,5848096,-460.71136341707535,0.001,64,32,5000,ula,14
46080,5852160,-472.01448922552646,0.001,64,32,5000,ula,14
46112,5856224,-439.10318391358436,0.001,64,32,5000,ula,14
46144,5860288,-441.3137054329459,0.001,64,32,5000,ula,14
46176,5864352,-454.0182207112419,0.001,64,32,5000,ula,14
46208,5868416,-472.6740121057551,0.001,64,32,5000,ula,14
46240,5872480,-465.884033394716,0.001,64,32,5000,ula,14
46272,5876544,-456.36042459852854,0.001,64,32,5000,ula,14
46304,5880608,-462.1736393890432,0.001,64,32,5000,ula,14
46336,5884672,-475.6309238142472,0.001,64,32,5000,ula,14
46368,5888736,-457.41359375297856,0.001,64,32,5000,ula,14
46400,5892800,-435.090162290781,0.001,64,32,5000,ula,14
46432,5896864,-436.97261909941295,0.001,64,32,5000,ula,14
46464,5900928,-475.75168602828006,0.001,64,32,5000,ula,14
46496,5904992,-467.75774050846405,0.001,64,32,5000,ula,14
46528,5909056,-455.98995484596736,0.001,64,32,5000,ula,14
46560,5913120,-463.5272833449294,0.001,64,32,5000,ula,14
46592,5917184,-472.33933671359483,0.001,64,32,5000,ula,14
46624,5921248,-475.4189446339176,0.001,64,32,5000,ula,14
46656,5925312,-457.02714959833116,0.001,64,32,5000,ula,14
46688,5929376,-455.4181707607812,0.001,64,32,5000,ula,14
46720,5933440,-445.6515224217239,0.001,64,32,5000,ula,14
46752,5937504,-444.00661275337717,0.001,64,32,5000,ula,14
46784,5941568,-446.5434366332811,0.001,64,32,5000,ula,14
46816,5945632,-462.66736567643085,0.001,64,32,5000,ula,14
46848,5949696,-463.78876833471645,0.001,64,32,5000,ula,14
46880,5953760,-424.09399824467505,0.001,64,32,5000,ula,14
46912,5957824,-445.5010276210101,0.001,64,32,5000,ula,14
46944,5961888,-439.6384863599091,0.001,64,32,5000,ula,14
46976,5965952,-443.6312397554605,0.001,64,32,5000,ula,14
47008,5970016,-411.0117570078909,0.001,64,32,5000,ula,14
47040,5974080,-431.5719135116411,0.001,64,32,5000,ula,14
47072,5978144,-442.8821228288231,0.001,64,32,5000,ula,14
47104,5982208,-447.12964531070014,0.001,64,32,5000,ula,14
47136,5986272,-451.44523512197935,0.001,64,32,5000,ula,14
47168,5990336,-427.099174318177,0.001,64,32,5000,ula,14
47200,5994400,-452.2973847139231,0.001,64,32,5000,ula,14
47232,5998464,-441.1739926349634,0.001,64,32,5000,ula,14
47264,6002528,-429.1347584550808,0.001,64,32,5000,ula,14
47296,6006592,-437.86426599890825,0.001,64,32,5000,ula,14
47328,6010656,-444.8607559733347,0.001,64,32,5000,ula,14
47360,6014720,-439.8989196101795,0.001,64,32,5000,ula,14
47392,6018784,-436.8495477448947,0.001,64,32,5000,ula,14
47424,6022848,-436.18011850562016,0.001,64,32,5000,ula,14
47456,6026912,-456.8371644515357,0.001,64,32,5000,ula,14
47488,6030976,-400.2746381630449,0.001,64,32,5000,ula,14
47520,6035040,-424.4041718717027,0.001,64,32,5000,ula,14
47552,6039104,-463.8344620310629,0.001,64,32,5000,ula,14
47584,6043168,-413.1857396073257,0.001,64,32,5000,ula,14
47616,6047232,-430.8131005418719,0.001,64,32,5000,ula,14
47648,6051296,-428.8378326126143,0.001,64,32,5000,ula,14
47680,6055360,-465.8652670124539,0.001,64,32,5000,ula,14
47712,6059424,-432.6330715893958,0.001,64,32,5000,ula,14
47744,6063488,-431.87461054443247,0.001,64,32,5000,ula,14
47776,6067552,-465.88005884322246,0.001,64,32,5000,ula,14
47808,6071616,-458.9752675083133,0.001,64,32,5000,ula,14
47840,6075680,-475.59847461375864,0.001,64,32,5000,ula,14
47872,6079744,-446.3625293018218,0.001,64,32,5000,ula,14
47904,6083808,-467.8528385356091,0.001,64,32,5000,ula,14
47936,6087872,-439.4216318242581,0.001,64,32,5000,ula,14
47968,6091936,-424.1668295704855,0.001,64,32,5000,ula,14
48000,6096000,-432.533852699908,0.001,64,32,5000,ula,14
48032,6100064,-451.1302886748827,0.001,64,32,5000,ula,14
48064,6104128,-427.6854529602096,0.001,64,32,5000,ula,14
48096,6108192,-455.8687749059302,0.001,64,32,5000,ula,14
48128,6112256,-419.71279790041905,0.001,64,32,5000,ula,14
48160,6116320,-428.625953560942,0.001,64,32,5000,ula,14
48192,6120384,-442.39175597043385,0.001,64,32,5000,ula,14
48224,6124448,-440.61501627228506,0.001,64,32,5000,ula,14
48256,6128512,-447.2155316916479,0.001,64,32,5000,ula,14
48288,6132576,-444.9175402961686,0.001,64,32,5000,ula,14
48320,6136640,-432.9137784784083,0.001,64,32,5000,ula,14
48352,6140704,-433.7953061133862,0.001,64,32,5000,ula,14
48384,6144768,-429.5345254946974,0.001,64,32,5000,ula,14
48416,6148832,-465.69443453262187,0.001,64,32,5000,ula,14
48448,6152896,-461.009291982177,0.001,64,32,5000,ula,14
48480,6156960,-413.75961338516714,0.001,64,32,5000,ula,14
48512,6161024,-458.5681485328686,0.001,64,32,5000,ula,14
48544,6165088,-420.77531573140266,0.001,64,32,5000,ula,14
48576,6169152,-435.14162914219463,0.001,64,32,5000,ula,14
48608,6173216,-444.6801118146887,0.001,64,32,5000,ula,14
48640,6177280,-434.3476570788505,0.001,64,32,5000,ula,14
48672,6181344,-405.5081686947933,0.001,64,32,5000,ula,14
48704,6185408,-420.88806780922533,0.001,64,32,5000,ula,14
48736,6189472,-450.2493005107099,0.001,64,32,5000,ula,14
48768,6193536,-418.9269754217715,0.001,64,32,5000,ula,14
48800,6197600,-463.0850829068809,0.001,64,32,5000,ula,14
48832,6201664,-411.3426498544788,0.001,64,32,5000,ula,14
48864,6205728,-449.7341275266892,0.001,64,32,5000,ula,14
48896,6209792,-406.6797872748017,0.001,64,32,5000,ula,14
48928,6213856,-451.28408528482936,0.001,64,32,5000,ula,14
48960,6217920,-459.21953852855637,0.001,64,32,5000,ula,14
48992,6221984,-411.6811988125711,0.001,64,32,5000,ula,14
49024,6226048,-428.0726887779604,0.001,64,32,5000,ula,14
49056,6230112,-434.6533750952084,0.001,64,32,5000,ula,14
49088,6234176,-463.6566226648051,0.001,64,32,5000,ula,14
49120,6238240,-432.2669314555114,0.001,64,32,5000,ula,14
49152,6242304,-431.6463919074387,0.001,64,32,5000,ula,14
49184,6246368,-448.89366027635083,0.001,64,32,5000,ula,14
49216,6250432,-452.1529410248718,0.001,64,32,5000,ula,14
49248,6254496,-430.7879846917989,0.001,64,32,5000,ula,14
49280,6258560,-414.6140392779381,0.001,64,32,5000,ula,14
49312,6262624,-396.7326436486621,0.001,64,32,5000,ula,14
49344,6266688,-423.30170082842994,0.001,64,32,5000,ula,14
49376,6270752,-456.61693646681283,0.001,64,32,5000,ula,14
49408,6274816,-457.491278706103,0.001,64,32,5000,ula,14
49440,6278880,-414.69011641046893,0.001,64,32,5000,ula,14
49472,6282944,-414.0390702284112,0.001,64,32,5000,ula,14
49504,6287008,-427.75105459541214,0.001,64,32,5000,ula,14
49536,6291072,-437.2188110494138,0.001,64,32,5000,ula,14
49568,6295136,-447.63956240095905,0.001,64,32,5000,ula,14
49600,6299200,-396.79994919504304,0.001,64,32,5000,ula,14
49632,6303264,-436.54394915266914,0.001,64,32,5000,ula,14
49664,6307328,-441.3679560401851,0.001,64,32,5000,ula,14
49696,6311392,-417.38580980747406,0.001,64,32,5000,ula,14
49728,6315456,-410.5326643204349,0.001,64,32,5000,ula,14
49760,6319520,-429.5638458348261,0.001,64,32,5000,ula,14
49792,6323584,-420.39500913785145,0.001,64,32,5000,ula,14
49824,6327648,-386.3012366167983,0.001,64,32,5000,ula,14
49856,6331712,-414.4290321996603,0.001,64,32,5000,ula,14
49888,6335776,-444.11159034431813,0.001,64,32,5000,ula,14
49920,6339840,-426.6269083078928,0.001,64,32,5000,ula,14
49952,6343904,-453.775900563062,0.001,64,32,5000,ula,14
49984,6347968,-416.19741096813146,0.001,64,32,5000,ula,14
50016,6352032,-432.56985425651413,0.001,64,32,5000,ula,14
50048,6356096,-421.55619113008214,0.001,64,32,5000,ula,14
50080,6360160,-430.9176905641202,0.001,64,32,5000,ula,14
50112,6364224,-443.25643738359724,0.001,64,32,5000,ula,14
50144,6368288,-416.6602483631654,0.001,64,32,5000,ula,14
50176,6372352,-428.5327654972743,0.001,64,32,5000,ula,14
50208,6376416,-438.9122728511225,0.001,64,32,5000,ula,14
50240,6380480,-453.51088641594015,0.001,64,32,5000,ula,14
50272,6384544,-433.76964519689767,0.001,64,32,5000,ula,14
50304,6388608,-465.3560053055398,0.001,64,32,5000,ula,14
50336,6392672,-430.4009265928412,0.001,64,32,5000,ula,14
50368,6396736,-386.6819297259476,0.001,64,32,5000,ula,14
50400,6400800,-429.7554507928615,0.001,64,32,5000,ula,14
50432,6404864,-371.2221734239389,0.001,64,32,5000,ula,14
50464,6408928,-439.2314307739461,0.001,64,32,5000,ula,14
50496,6412992,-444.26080878139584,0.001,64,32,5000,ula,14
50528,6417056,-411.37297390787364,0.001,64,32,5000,ula,14
50560,6421120,-453.13102253035316,0.001,64,32,5000,ula,14
50592,6425184,-442.7528492590151,0.001,64,32,5000,ula,14
50624,6429248,-427.49736708349684,0.001,64,32,5000,ula,14
50656,6433312,-446.7934569595674,0.001,64,32,5000,ula,14
50688,6437376,-421.94935487749007,0.001,64,32,5000,ula,14
50720,6441440,-447.04178920319373,0.001,64,32,5000,ula,14
50752,6445504,-416.3174607214222,0.001,64,32,5000,ula,14
50784,6449568,-424.75617794660405,0.001,64,32,5000,ula,14
50816,6453632,-425.19527781649043,0.001,64,32,5000,ula,14
50848,6457696,-442.66793078598255,0.001,64,32,5000,ula,14
50880,6461760,-428.5372793207348,0.001,64,32,5000,ula,14
50912,6465824,-427.97468964970705,0.001,64,32,5000,ula,14
50944,6469888,-429.78870294470056,0.001,64,32,5000,ula,14
50976,6473952,-394.30465883291464,0.001,64,32,5000,ula,14
51008,6478016,-433.3303475707232,0.001,64,32,5000,ula,14
51040,6482080,-431.8699721258072,0.001,64,32,5000,ula,14
51072,6486144,-440.2197005174141,0.001,64,32,5000,ula,14
51104,6490208,-409.2081079265911,0.001,64,32,5000,ula,14
51136,6494272,-430.4080888646799,0.001,64,32,5000,ula,14
51168,6498336,-452.5062686190351,0.001,64,32,5000,ula,14
51200,6502400,-431.8938282116836,0.001,64,32,5000,ula,14
51232,6506464,-408.9816675242187,0.001,64,32,5000,ula,14
51264,6510528,-429.6411599471877,0.001,64,32,5000,ula,14
51296,6514592,-411.99759285635224,0.001,64,32,5000,ula,14
51328,6518656,-421.4484526292832,0.001,64,32,5000,ula,14
51360,6522720,-396.71776115600824,0.001,64,32,5000,ula,14
51392,6526784,-432.49075451312825,0.001,64,32,5000,ula,14
51424,6530848,-438.64384837965105,0.001,64,32,5000,ula,14
51456,6534912,-414.5829743582646,0.001,64,32,5000,ula,14
51488,6538976,-385.8209429538458,0.001,64,32,5000,ula,14
51520,6543040,-404.88258430146584,0.001,64,32,5000,ula,14
51552,6547104,-429.2288780131088,0.001,64,32,5000,ula,14
51584,6551168,-415.29390590841047,0.001,64,32,5000,ula,14
51616,6555232,-395.24298878968386,0.001,64,32,5000,ula,14
51648,6559296,-447.15065183395507,0.001,64,32,5000,ula,14
51680,6563360,-420.72401447848654,0.001,64,32,5000,ula,14
51712,6567424,-408.7053085961433,0.001,64,32,5000,ula,14
51744,6571488,-406.7737135634518,0.001,64,32,5000,ula,14
51776,6575552,-419.75819078127984,0.001,64,32,5000,ula,14
51808,6579616,-442.3327503925068,0.001,64,32,5000,ula,14
51840,6583680,-437.873913166442,0.001,64,32,5000,ula,14
51872,6587744,-429.59875943446673,0.001,64,32,5000,ula,14
51904,6591808,-417.49443432089225,0.001,64,32,5000,ula,14
51936,6595872,-424.18073257411925,0.001,64,32,5000,ula,14
51968,6599936,-414.27481003821407,0.001,64,32,5000,ula,14
52000,6604000,-443.15475550662245,0.001,64,32,5000,ula,14
52032,6608064,-424.3374289295326,0.001,64,32,5000,ula,14
52064,6612128,-412.0928232555574,0.001,64,32,5000,ula,14
52096,6616192,-421.7252596612863,0.001,64,32,5000,ula,14
52128,6620256,-405.5608936852497,0.001,64,32,5000,ula,14
52160,6624320,-401.591275329144,0.001,64,32,5000,ula,14
52192,6628384,-416.05440841267,0.001,64,32,5000,ula,14
52224,6632448,-427.8683572926812,0.001,64,32,5000,ula,14
52256,6636512,-404.6837802677398,0.001,64,32,5000,ula,14
52288,6640576,-415.9475024656226,0.001,64,32,5000,ula,14
52320,6644640,-429.18851875274345,0.001,64,32,5000,ula,14
52352,6648704,-451.48132257470877,0.001,64,32,5000,ula,14
52384,6652768,-384.8544896435667,0.001,64,32,5000,ula,14
52416,6656832,-414.87472043885157,0.001,64,32,5000,ula,14
52448,6660896,-396.97716280725444,0.001,64,32,5000,ula,14
52480,6664960,-402.8084466673869,0.001,64,32,5000,ula,14
52512,6669024,-408.995612948208,0.001,64,32,5000,ula,14
52544,6673088,-402.7508201897176,0.001,64,32,5000,ula,14
52576,6677152,-401.58731009638836,0.001,64,32,5000,ula,14
52608,6681216,-431.1350986815721,0.001,64,32,5000,ula,14
52640,6685280,-397.13111304052103,0.001,64,32,5000,ula,14
52672,6689344,-390.1313373503048,0.001,64,32,5000,ula,14
52704,6693408,-412.8234862106995,0.001,64,32,5000,ula,14
52736,6697472,-423.47831710530284,0.001,64,32,5000,ula,14
52768,6701536,-408.9921945996692,0.001,64,32,5000,ula,14
52800,6705600,-410.98954193650064,0.001,64,32,5000,ula,14
52832,6709664,-421.323122081798,0.001,64,32,5000,ula,14
52864,6713728,-426.4504630097698,0.001,64,32,5000,ula,14
52896,6717792,-408.27061348233957,0.001,64,32,5000,ula,14
52928,6721856,-400.4896193571163,0.001,64,32,5000,ula,14
52960,6725920,-397.67828736304807,0.001,64,32,5000,ula,14
52992,6729984,-414.3459548043897,0.001,64,32,5000,ula,14
53024,6734048,-422.928198703543,0.001,64,32,5000,ula,14
53056,6738112,-374.59953780423433,0.001,64,32,5000,ula,14
53088,6742176,-378.3728706265307,0.001,64,32,5000,ula,14
53120,6746240,-382.38997546596903,0.001,64,32,5000,ula,14
53152,6750304,-390.92650153849985,0.001,64,32,5000,ula,14
53184,6754368,-410.1610801539393,0.001,64,32,5000,ula,14
53216,6758432,-416.37343503371335,0.001,64,32,5000,ula,14
53248,6762496,-387.16896743207036,0.001,64,32,5000,ula,14
53280,6766560,-373.0611718459918,0.001,64,32,5000,ula,14
53312,6770624,-414.9299597844833,0.001,64,32,5000,ula,14
53344,6774688,-436.01053149579036,0.001,64,32,5000,ula,14
53376,6778752,-400.65663839708486,0.001,64,32,5000,ula,14
53408,6782816,-393.07644282913594,0.001,64,32,5000,ula,14
53440,6786880,-391.2336407338664,0.001,64,32,5000,ula,14
53472,6790944,-397.0845758473617,0.001,64,32,5000,ula,14
53504,6795008,-401.6037410844102,0.001,64,32,5000,ula,14
53536,6799072,-418.9484629142033,0.001,64,32,5000,ula,14
53568,6803136,-418.3053370265169,0.001,64,32,5000,ula,14
53600,6807200,-368.8470951469024,0.001,64,32,5000,ula,14
53632,6811264,-429.1441751436821,0.001,64,32,5000,ula,14
53664,6815328,-379.0961666185593,0.001,64,32,5000,ula,14
53696,6819392,-416.5968520485401,0.001,64,32,5000,ula,14
53728,6823456,-414.13119192962705,0.001,64,32,5000,ula,14
53760,6827520,-393.0581523461897,0.001,64,32,5000,ula,14
53792,6831584,-424.2791164017871,0.001,64,32,5000,ula,14
53824,6835648,-389.94358281972904,0.001,64,32,5000,ula,14
53856,6839712,-363.26121838913457,0.001,64,32,5000,ula,14
53888,6843776,-401.6210255629212,0.001,64,32,5000,ula,14
53920,6847840,-428.54499855292374,0.001,64,32,5000,ula,14
53952,6851904,-375.9401174046061,0.001,64,32,5000,ula,14
53984,6855968,-386.1807393654461,0.001,64,32,5000,ula,14
54016,6860032,-399.4748994875391,0.001,64,32,5000,ula,14
54048,6864096,-384.77075221572613,0.001,64,32,5000,ula,14
54080,6868160,-375.6984072593108,0.001,64,32,5000,ula,14
54112,6872224,-398.1137279795148,0.001,64,32,5000,ula,14
54144,6876288,-407.4134153622436,0.001,64,32,5000,ula,14
54176,6880352,-399.8453259130645,0.001,64,32,5000,ula,14
54208,6884416,-367.38676013809453,0.001,64,32,5000,ula,14
54240,6888480,-406.91979977714897,0.001,64,32,5000,ula,14
54272,6892544,-407.07636462629955,0.001,64,32,5000,ula,14
54304,6896608,-360.27438533496746,0.001,64,32,5000,ula,14
54336,6900672,-406.3758739309753,0.001,64,32,5000,ula,14
54368,6904736,-416.115874816033,0.001,64,32,5000,ula,14
54400,6908800,-406.33057714458795,0.001,64,32,5000,ula,14
54432,6912864,-400.0477798837478,0.001,64,32,5000,ula,14
54464,6916928,-389.6951101157981,0.001,64,32,5000,ula,14
54496,6920992,-379.16962312711644,0.001,64,32,5000,ula,14
54528,6925056,-411.0252655485392,0.001,64,32,5000,ula,14
54560,6929120,-406.8879341423258,0.001,64,32,5000,ula,14
54592,6933184,-421.6373711797874,0.001,64,32,5000,ula,14
54624,6937248,-403.28242780347705,0.001,64,32,5000,ula,14
54656,6941312,-369.7193751786317,0.001,64,32,5000,ula,14
54688,6945376,-393.95859717489776,0.001,64,32,5000,ula,14
54720,6949440,-371.97684351836494,0.001,64,32,5000,ula,14
54752,6953504,-402.68216444065007,0.001,64,32,5000,ula,14
54784,6957568,-384.89632483375914,0.001,64,32,5000,ula,14
54816,6961632,-374.54841888271386,0.001,64,32,5000,ula,14
54848,6965696,-405.8864764751785,0.001,64,32,5000,ula,14
54880,6969760,-357.2584342306848,0.001,64,32,5000,ula,14
54912,6973824,-392.3667901983813,0.001,64,32,5000,ula,14
54944,6977888,-389.6481452144486,0.001,64,32,5000,ula,14
54976,6981952,-389.89331333882774,0.001,64,32,5000,ula,14
55008,6986016,-401.1066005971705,0.001,64,32,5000,ula,14
55040,6990080,-405.612183392642,0.001,64,32,5000,ula,14
55072,6994144,-381.8643032833675,0.001,64,32,5000,ula,14
55104,6998208,-396.30085596007973,0.001,64,32,5000,ula,14
55136,7002272,-385.4855626351559,0.001,64,32,5000,ula,14
55168,7006336,-377.7465779130978,0.001,64,32,5000,ula,14
55200,7010400,-408.7149549480566,0.001,64,32,5000,ula,14
55232,7014464,-376.4186672375601,0.001,64,32,5000,ula,14
55264,7018528,-380.8775349441112,0.001,64,32,5000,ula,14
55296,7022592,-380.341967365414,0.001,64,32,5000,ula,14
55328,7026656,-391.7308666265269,0.001,64,32,5000,ula,14
55360,7030720,-398.2320703755841,0.001,64,32,5000,ula,14
55392,7034784,-382.87115027656546,0.001,64,32,5000,ula,14
55424,7038848,-410.95064792692483,0.001,64,32,5000,ula,14
55456,7042912,-389.87565802045464,0.001,64,32,5000,ula,14
55488,7046976,-397.3989135528098,0.001,64,32,5000,ula,14
55520,7051040,-422.03401434024124,0.001,64,32,5000,ula,14
55552,7055104,-412.02734799754614,0.001,64,32,5000,ula,14
55584,7059168,-362.1015224176352,0.001,64,32,5000,ula,14
55616,7063232,-363.95982044461704,0.001,64,32,5000,ula,14
55648,7067296,-373.29717544242504,0.001,64,32,5000,ula,14
55680,7071360,-399.5317645830322,0.001,64,32,5000,ula,14
55712,7075424,-390.8684168874133,0.001,64,32,5000,ula,14
55744,7079488,-396.9125617146925,0.001,64,32,5000,ula,14
55776,7083552,-404.26144136767294,0.001,64,32,5000,ula,14
55808,7087616,-340.6592000531255,0.001,64,32,5000,ula,14
55840,7091680,-374.77025752371924,0.001,64,32,5000,ula,14
55872,7095744,-401.277994279757,0.001,64,32,5000,ula,14
55904,7099808,-375.22651905986913,0.001,64,32,5000,ula,14
55936,7103872,-400.4359527952614,0.001,64,32,5000,ula,14
55968,7107936,-390.9483168415192,0.001,64,32,5000,ula,14
56000,7112000,-394.79296386136576,0.001,64,32,5000,ula,14
56032,7116064,-385.24302187385774,0.001,64,32,5000,ula,14
56064,7120128,-385.4813496177211,0.001,64,32,5000,ula,14
56096,7124192,-390.5670441867371,0.001,64,32,5000,ula,14
56128,7128256,-374.8890373703518,0.001,64,32,5000,ula,14
56160,7132320,-367.5797658269709,0.001,64,32,5000,ula,14
56192,7136384,-384.860192922999,0.001,64,32,5000,ula,14
56224,7140448,-404.71475291384814,0.001,64,32,5000,ula,14
56256,7144512,-392.869451073359,0.001,64,32,5000,ula,14
56288,7148576,-369.383732385813,0.001,64,32,5000,ula,14
56320,7152640,-396.57551432063536,0.001,64,32,5000,ula,14
56352,7156704,-366.8212697665146,0.001,64,32,5000,ula,14
56384,7160768,-396.0931044427886,0.001,64,32,5000,ula,14
56416,7164832,-392.06835147084416,0.001,64,32,5000,ula,14
56448,7168896,-370.0037671407678,0.001,64,32,5000,ula,14
56480,7172960,-389.57921971031925,0.001,64,32,5000,ula,14
56512,7177024,-382.74304000676955,0.001,64,32,5000,ula,14
56544,7181088,-345.4636716470287,0.001,64,32,5000,ula,14
56576,7185152,-389.77659116650574,0.001,64,32,5000,ula,14
56608,7189216,-371.6141702437024,0.001,64,32,5000,ula,14
56640,7193280,-380.14952305187086,0.001,64,32,5000,ula,14
56672,7197344,-384.39796426070734,0.001,64,32,5000,ula,14
56704,7201408,-356.9879786723769,0.001,64,32,5000,ula,14
56736,7205472,-374.33917894099056,0.001,64,32,5000,ula,14
56768,7209536,-344.4199409476642,0.001,64,32,5000,ula,14
56800,7213600,-369.15281441577395,0.001,64,32,5000,ula,14
56832,7217664,-387.3421070353136,0.001,64,32,5000,ula,14
56864,7221728,-362.79145577505886,0.001,64,32,5000,ula,14
56896,7225792,-372.712654891641,0.001,64,32,5000,ula,14
56928,7229856,-394.1965227865084,0.001,64,32,5000,ula,14
56960,7233920,-379.8679834231444,0.001,64,32,5000,ula,14
56992,7237984,-361.92497135975384,0.001,64,32,5000,ula,14
57024,7242048,-340.3712548123412,0.001,64,32,5000,ula,14
57056,7246112,-360.9253524534267,0.001,64,32,5000,ula,14
57088,7250176,-367.5155496643625,0.001,64,32,5000,ula,14
57120,7254240,-387.6366410550374,0.001,64,32,5000,ula,14
57152,7258304,-369.71760283429484,0.001,64,32,5000,ula,14
57184,7262368,-397.5615652721088,0.001,64,32,5000,ula,14
57216,7266432,-366.4186267274303,0.001,64,32,5000,ula,14
57248,7270496,-369.0343401964283,0.001,64,32,5000,ula,14
57280,7274560,-400.02022601509856,0.001,64,32,5000,ula,14
57312,7278624,-384.48275849652083,0.001,64,32,5000,ula,14
57344,7282688,-363.8620894259088,0.001,64,32,5000,ula,14
57376,7286752,-359.81676136201514,0.001,64,32,5000,ula,14
57408,7290816,-358.1575707868631,0.001,64,32,5000,ula,14
57440,7294880,-362.2917857814341,0.001,64,32,5000,ula,14
57472,7298944,-383.11010316500267,0.001,64,32,5000,ula,14
57504,7303008,-345.90416280739146,0.001,64,32,5000,ula,14
57536,7307072,-371.291569537893,0.001,64,32,5000,ula,14
57568,7311136,-373.7349951646571,0.001,64,32,5000,ula,14
57600,7315200,-385.90638878594564,0.001,64,32,5000,ula,14
57632,7319264,-371.7135006137343,0.001,64,32,5000,ula,14
57664,7323328,-361.0923361988377,0.001,64,32,5000,ula,14
57696,7327392,-389.5877018917008,0.001,64,32,5000,ula,14
57728,7331456,-366.5444352968613,0.001,64,32,5000,ula,14
57760,7335520,-379.66966145070876,0.001,64,32,5000,ula,14
57792,7339584,-364.0445878306564,0.001,64,32,5000,ula,14
57824,7343648,-361.4747858532661,0.001,64,32,5000,ula,14
57856,7347712,-355.46823186155143,0.001,64,32,5000,ula,14
57888,7351776,-385.9960860719668,0.001,64,32,5000,ula,14
57920,7355840,-371.1807158817992,0.001,64,32,5000,ula,14
57952,7359904,-373.9398408154059,0.001,64,32,5000,ula,14
57984,7363968,-374.8143650838541,0.001,64,32,5000,ula,14
58016,7368032,-375.04351587116446,0.001,64,32,5000,ula,14
58048,7372096,-383.9896997161945,0.001,64,32,5000,ula,14
58080,7376160,-366.8270699485867,0.001,64,32,5000,ula,14
58112,7380224,-348.80677988150796,0.001,64,32,5000,ula,14
58144,7384288,-388.9309043624493,0.001,64,32,5000,ula,14
58176,7388352,-360.10799518031257,0.001,64,32,5000,ula,14
58208,7392416,-366.7292258783812,0.001,64,32,5000,ula,14
58240,7396480,-346.7039558528836,0.001,64,32,5000,ula,14
58272,7400544,-369.29518984000833,0.001,64,32,5000,ula,14
58304,7404608,-349.47661708582643,0.001,64,32,5000,ula,14
58336,7408672,-346.72866064863985,0.001,64,32,5000,ula,14
58368,7412736,-354.287296331362,0.001,64,32,5000,ula,14
58400,7416800,-349.0699532568663,0.001,64,32,5000,ula,14
58432,7420864,-360.17545814067523,0.001,64,32,5000,ula,14
58464,7424928,-371.6054155247981,0.001,64,32,5000,ula,14
58496,7428992,-349.74313866433585,0.001,64,32,5000,ula,14
58528,7433056,-339.9343748948313,0.001,64,32,5000,ula,14
58560,7437120,-363.35834588055525,0.001,64,32,5000,ula,14
58592,7441184,-347.03685045923294,0.001,64,32,5000,ula,14
58624,7445248,-395.0300750056045,0.001,64,32,5000,ula,14
58656,7449312,-340.6541191677123,0.001,64,32,5000,ula,14
58688,7453376,-378.0966998501566,0.001,64,32,5000,ula,14
58720,7457440,-358.9811719780513,0.001,64,32,5000,ula,14
58752,7461504,-372.61865630634605,0.001,64,32,5000,ula,14
58784,7465568,-349.6701648075014,0.001,64,32,5000,ula,14
58816,7469632,-353.53778113497816,0.001,64,32,5000,ula,14
58848,7473696,-357.11963253379105,0.001,64,32,5000,ula,14
58880,7477760,-357.9548022042155,0.001,64,32,5000,ula,14
58912,7481824,-364.88132472731894,0.001,64,32,5000,ula,14
58944,7485888,-356.9970299457945,0.001,64,32,5000,ula,14
58976,7489952,-365.4796251179365,0.001,64,32,5000,ula,14
59008,7494016,-364.88481935587,0.001,64,32,5000,ula,14
59040,7498080,-338.2113746326765,0.001,64,32,5000,ula,14
59072,7502144,-356.4810700329525,0.001,64,32,5000,ula,14
59104,7506208,-353.4433251243482,0.001,64,32,5000,ula,14
59136,7510272,-345.52591444996955,0.001,64,32,5000,ula,14
59168,7514336,-345.61669736432094,0.001,64,32,5000,ula,14
59200,7518400,-330.89329152076897,0.001,64,32,5000,ula,14
59232,7522464,-345.7899381534504,0.001,64,32,5000,ula,14
59264,7526528,-352.3870047524782,0.001,64,32,5000,ula,14
59296,7530592,-349.3612649578344,0.001,64,32,5000,ula,14
59328,7534656,-352.33290961006287,0.001,64,32,5000,ula,14
59360,7538720,-352.3501677115684,0.001,64,32,5000,ula,14
59392,7542784,-361.0098798265917,0.001,64,32,5000,ula,14
59424,7546848,-363.96353425996335,0.001,64,32,5000,ula,14
59456,7550912,-357.3734850641228,0.001,64,32,5000,ula,14
59488,7554976,-358.0243633801177,0.001,64,32,5000,ula,14
59520,7559040,-347.5898104899747,0.001,64,32,5000,ula,14
59552,7563104,-353.041131276854,0.001,64,32,5000,ula,14
59584,7567168,-334.0138715100467,0.001,64,32,5000,ula,14
59616,7571232,-321.6588592955069,0.001,64,32,5000,ula,14
59648,7575296,-351.7016754487823,0.001,64,32,5000,ula,14
59680,7579360,-341.6052146195522,0.001,64,32,5000,ula,14
59712,7583424,-330.23396419781545,0.001,64,32,5000,ula,14
59744,7587488,-346.27432730711155,0.001,64,32,5000,ula,14
59776,7591552,-361.11242113717225,0.001,64,32,5000,ula,14
59808,7595616,-341.6612019737647,0.001,64,32,5000,ula,14
59840,7599680,-312.84006306959435,0.001,64,32,5000,ula,14
59872,7603744,-343.65638239372316,0.001,64,32,5000,ula,14
59904,7607808,-352.13715311335824,0.001,64,32,5000,ula,14
59936,7611872,-352.49002525311465,0.001,64,32,5000,ula,14
59968,7615936,-357.23656006911233,0.001,64,32,5000,ula,14
60000,7620000,-369.5690728153872,0.001,64,32,5000,ula,14
60032,7624064,-358.40091423714875,0.001,64,32,5000,ula,14
60064,7628128,-326.9571860248216,0.001,64,32,5000,ula,14
60096,7632192,-347.3245448345127,0.001,64,32,5000,ula,14
60128,7636256,-339.7572958407771,0.001,64,32,5000,ula,14
60160,7640320,-325.9812342540987,0.001,64,32,5000,ula,14
60192,7644384,-354.3804728517883,0.001,64,32,5000,ula,14
60224,7648448,-350.29233641635335,0.001,64,32,5000,ula,14
60256,7652512,-341.28032169662583,0.001,64,32,5000,ula,14
60288,7656576,-338.7232008878692,0.001,64,32,5000,ula,14
60320,7660640,-344.5094343144534,0.001,64,32,5000,ula,14
60352,7664704,-344.35339192291985,0.001,64,32,5000,ula,14
60384,7668768,-328.83347975960703,0.001,64,32,5000,ula,14
60416,7672832,-328.9766887041607,0.001,64,32,5000,ula,14
60448,7676896,-342.7283373549596,0.001,64,32,5000,ula,14
60480,7680960,-339.92707307477696,0.001,64,32,5000,ula,14
60512,7685024,-345.10770326138305,0.001,64,32,5000,ula,14
60544,7689088,-344.3889874576367,0.001,64,32,5000,ula,14
60576,7693152,-342.7199329325695,0.001,64,32,5000,ula,14
60608,7697216,-346.3171467870405,0.001,64,32,5000,ula,14
60640,7701280,-314.44489503397233,0.001,64,32,5000,ula,14
60672,7705344,-321.6730481067552,0.001,64,32,5000,ula,14
60704,7709408,-332.5940428606511,0.001,64,32,5000,ula,14
60736,7713472,-336.3844373374918,0.001,64,32,5000,ula,14
60768,7717536,-334.0759380878428,0.001,64,32,5000,ula,14
60800,7721600,-327.18958690182143,0.001,64,32,5000,ula,14
60832,7725664,-337.1844053864101,0.001,64,32,5000,ula,14
60864,7729728,-312.05403783277177,0.001,64,32,5000,ula,14
60896,7733792,-343.2075385785091,0.001,64,32,5000,ula,14
60928,7737856,-347.1296727365772,0.001,64,32,5000,ula,14
60960,7741920,-333.6916154262672,0.001,64,32,5000,ula,14
60992,7745984,-329.4100344587525,0.001,64,32,5000,ula,14
61024,7750048,-320.39782053453,0.001,64,32,5000,ula,14
61056,7754112,-322.95616703503117,0.001,64,32,5000,ula,14
61088,7758176,-317.22231381010414,0.001,64,32,5000,ula,14
61120,7762240,-319.1273987288466,0.001,64,32,5000,ula,14
61152,7766304,-325.14683392910445,0.001,64,32,5000,ula,14
61184,7770368,-331.4619185304427,0.001,64,32,5000,ula,14
61216,7774432,-314.6202633689028,0.001,64,32,5000,ula,14
61248,7778496,-323.2665201476265,0.001,64,32,5000,ula,14
61280,7782560,-294.7547864521141,0.001,64,32,5000,ula,14
61312,7786624,-312.6041006382083,0.001,64,32,5000,ula,14
61344,7790688,-337.9680503203657,0.001,64,32,5000,ula,14
61376,7794752,-324.9192709336344,0.001,64,32,5000,ula,14
61408,7798816,-283.095463090235,0.001,64,32,5000,ula,14
61440,7802880,-338.3352952506275,0.001,64,32,5000,ula,14
61472,7806944,-336.378533961166,0.001,64,32,5000,ula,14
61504,7811008,-309.36665487992764,0.001,64,32,5000,ula,14
61536,7815072,-314.1221703333151,0.001,64,32,5000,ula,14
61568,7819136,-293.0789517423565,0.001,64,32,5000,ula,14
61600,7823200,-325.3569672738048,0.001,64,32,5000,ula,14
61632,7827264,-298.0209212775325,0.001,64,32,5000,ula,14
61664,7831328,-308.576665682699,0.001,64,32,5000,ula,14
61696,7835392,-318.42589218726016,0.001,64,32,5000,ula,14
61728,7839456,-330.39917677321216,0.001,64,32,5000,ula,14
61760,7843520,-319.20364037171686,0.001,64,32,5000,ula,14
61792,7847584,-300.4696412861638,0.001,64,32,5000,ula,14
61824,7851648,-315.9105213611458,0.001,64,32,5000,ula,14
61856,7855712,-313.91547756051347,0.001,64,32,5000,ula,14
61888,7859776,-312.2511070935764,0.001,64,32,5000,ula,14
61920,7863840,-322.14469731432786,0.001,64,32,5000,ula,14
61952,7867904,-314.5905788800649,0.001,64,32,5000,ula,14
61984,7871968,-311.10996886343116,0.001,64,32,5000,ula,14
62016,7876032,-311.7775547722976,0.001,64,32,5000,ula,14
62048,7880096,-298.433679930235,0.001,64,32,5000,ula,14
62080,7884160,-320.1569304356935,0.001,64,32,5000,ula,14
62112,7888224,-322.0249760431801,0.001,64,32,5000,ula,14
62144,7892288,-286.04317402940626,0.001,64,32,5000,ula,14
62176,7896352,-295.99409737585137,0.001,64,32,5000,ula,14
62208,7900416,-309.88251191594,0.001,64,32,5000,ula,14
62240,7904480,-301.4643708437164,0.001,64,32,5000,ula,14
62272,7908544,-293.6827063186295,0.001,64,32,5000,ula,14
62304,7912608,-310.3938957263259,0.001,64,32,5000,ula,14
62336,7916672,-300.2357692646794,0.001,64,32,5000,ula,14
62368,7920736,-317.90897692368617,0.001,64,32,5000,ula,14
62400,7924800,-296.4522541794861,0.001,64,32,5000,ula,14
62432,7928864,-317.2803321722243,0.001,64,32,5000,ula,14
62464,7932928,-278.39710039546765,0.001,64,32,5000,ula,14
62496,7936992,-313.4963113444282,0.001,64,32,5000,ula,14
62528,7941056,-302.6346305012205,0.001,64,32,5000,ula,14
62560,7945120,-301.09941145179977,0.001,64,32,5000,ula,14
62592,7949184,-306.10665777433184,0.001,64,32,5000,ula,14
62624,7953248,-295.53764231285965,0.001,64,32,5000,ula,14
62656,7957312,-309.56464627804075,0.001,64,32,5000,ula,14
62688,7961376,-292.83417076813856,0.001,64,32,5000,ula,14
62720,7965440,-300.92017861222365,0.001,64,32,5000,ula,14
62752,7969504,-277.98770222667554,0.001,64,32,5000,ula,14
62784,7973568,-284.70062300387156,0.001,64,32,5000,ula,14
62816,7977632,-305.4741622577423,0.001,64,32,5000,ula,14
62848,7981696,-296.75844128956,0.001,64,32,5000,ula,14
62880,7985760,-297.8892901646693,0.001,64,32,5000,ula,14
62912,7989824,-320.59792791618804,0.001,64,32,5000,ula,14
62944,7993888,-305.91396502709694,0.001,64,32,5000,ula,14
62976,7997952,-305.9552760124218,0.001,64,32,5000,ula,14
63008,8002016,-311.71149261239896,0.001,64,32,5000,ula,14
63040,8006080,-288.0061129234681,0.001,64,32,5000,ula,14
63072,8010144,-280.5833170990639,0.001,64,32,5000,ula,14
63104,8014208,-262.3944197774586,0.001,64,32,5000,ula,14
63136,8018272,-299.2193292526627,0.001,64,32,5000,ula,14
63168,8022336,-298.04435585425585,0.001,64,32,5000,ula,14
63200,8026400,-294.87075724432475,0.001,64,32,5000,ula,14
63232,8030464,-298.58956231913174,0.001,64,32,5000,ula,14
63264,8034528,-310.031695501525,0.001,64,32,5000,ula,14
63296,8038592,-279.5538019974971,0.001,64,32,5000,ula,14
63328,8042656,-292.7214864514816,0.001,64,32,5000,ula,14
63360,8046720,-287.19577435026105,0.001,64,32,5000,ula,14
63392,8050784,-304.5620358643337,0.001,64,32,5000,ula,14
63424,8054848,-286.90591203178644,0.001,64,32,5000,ula,14
63456,8058912,-304.4495961415596,0.001,64,32,5000,ula,14
63488,8062976,-269.462867754922,0.001,64,32,5000,ula,14
63520,8067040,-285.1099913605426,0.001,64,32,5000,ula,14
63552,8071104,-293.3094409262896,0.001,64,32,5000,ula,14
63584,8075168,-307.13901432031304,0.001,64,32,5000,ula,14
63616,8079232,-287.57680716861864,0.001,64,32,5000,ula,14
63648,8083296,-305.9209796412124,0.001,64,32,5000,ula,14
63680,8087360,-288.96703186568715,0.001,64,32,5000,ula,14
63712,8091424,-270.7283688148928,0.001,64,32,5000,ula,14
63744,8095488,-273.55167696735003,0.001,64,32,5000,ula,14
63776,8099552,-278.37815591574486,0.001,64,32,5000,ula,14
63808,8103616,-292.66613364146076,0.001,64,32,5000,ula,14
63840,8107680,-292.7357306959675,0.001,64,32,5000,ula,14
63872,8111744,-286.56422526096173,0.001,64,32,5000,ula,14
63904,8115808,-302.7699039245926,0.001,64,32,5000,ula,14
63936,8119872,-294.11546852465324,0.001,64,32,5000,ula,14
63968,8123936,-285.2753219637656,0.001,64,32,5000,ula,14
64000,8128000,-278.63604507543397,0.001,64,32,5000,ula,14
64032,8132064,-289.1046466331374,0.001,64,32,5000,ula,14
64064,8136128,-298.6061725954695,0.001,64,32,5000,ula,14
64096,8140192,-298.40302953729014,0.001,64,32,5000,ula,14
64128,8144256,-299.66238814761977,0.001,64,32,5000,ula,14
64160,8148320,-305.289164040788,0.001,64,32,5000,ula,14
64192,8152384,-289.02887246997585,0.001,64,32,5000,ula,14
64224,8156448,-272.6528432617678,0.001,64,32,5000,ula,14
64256,8160512,-296.0925633809819,0.001,64,32,5000,ula,14
64288,8164576,-280.0780613677276,0.001,64,32,5000,ula,14
64320,8168640,-277.0499262217338,0.001,64,32,5000,ula,14
64352,8172704,-293.1663457079011,0.001,64,32,5000,ula,14
64384,8176768,-298.25606917137384,0.001,64,32,5000,ula,14
64416,8180832,-312.19723335808084,0.001,64,32,5000,ula,14
64448,8184896,-302.3399185454467,0.001,64,32,5000,ula,14
64480,8188960,-282.80025270981537,0.001,64,32,5000,ula,14
64512,8193024,-293.6881203181617,0.001,64,32,5000,ula,14
64544,8197088,-293.50125412713123,0.001,64,32,5000,ula,14
64576,8201152,-301.3210126255136,0.001,64,32,5000,ula,14
64608,8205216,-278.1003062666174,0.001,64,32,5000,ula,14
64640,8209280,-296.267145971576,0.001,64,32,5000,ula,14
64672,8213344,-300.0410019635028,0.001,64,32,5000,ula,14
64704,8217408,-285.12371939173556,0.001,64,32,5000,ula,14
64736,8221472,-277.8146850544377,0.001,64,32,5000,ula,14
64768,8225536,-291.7378506664725,0.001,64,32,5000,ula,14
64800,8229600,-286.82358832915105,0.001,64,32,5000,ula,14
64832,8233664,-289.3238976876,0.001,64,32,5000,ula,14
64864,8237728,-286.22203387812016,0.001,64,32,5000,ula,14
64896,8241792,-265.08777509421503,0.001,64,32,5000,ula,14
64928,8245856,-270.7545146889013,0.001,64,32,5000,ula,14
64960,8249920,-292.33247630831056,0.001,64,32,5000,ula,14
64992,8253984,-278.12768455035774,0.001,64,32,5000,ula,14
65024,8258048,-298.07276609476696,0.001,64,32,5000,ula,14
65056,8262112,-268.59738867347943,0.001,64,32,5000,ula,14
65088,8266176,-251.93263085950431,0.001,64,32,5000,ula,14
65120,8270240,-300.28259540355265,0.001,64,32,5000,ula,14
65152,8274304,-290.4830654387056,0.001,64,32,5000,ula,14
65184,8278368,-290.49165624359944,0.001,64,32,5000,ula,14
65216,8282432,-293.94320197044476,0.001,64,32,5000,ula,14
65248,8286496,-281.9941575807966,0.001,64,32,5000,ula,14
65280,8290560,-270.8750869011837,0.001,64,32,5000,ula,14
65312,8294624,-278.0968289717156,0.001,64,32,5000,ula,14
65344,8298688,-271.97855711326434,0.001,64,32,5000,ula,14
65376,8302752,-296.33039653197227,0.001,64,32,5000,ula,14
65408,8306816,-288.4577119520476,0.001,64,32,5000,ula,14
65440,8310880,-280.9512088288761,0.001,64,32,5000,ula,14
65472,8314944,-275.563968566029,0.001,64,32,5000,ula,14
65504,8319008,-278.9310396314028,0.001,64,32,5000,ula,14
65536,8323072,-296.04691600483665,0.001,64,32,5000,ula,14
65568,8327136,-281.02803845058185,0.001,64,32,5000,ula,14
65600,8331200,-282.90659821486,0.001,64,32,5000,ula,14
65632,8335264,-286.8831087419227,0.001,64,32,5000,ula,14
65664,8339328,-271.51832670929304,0.001,64,32,5000,ula,14
65696,8343392,-271.7561456384046,0.001,64,32,5000,ula,14
65728,8347456,-270.91256583828203,0.001,64,32,5000,ula,14
65760,8351520,-276.65659106056944,0.001,64,32,5000,ula,14
65792,8355584,-262.25577339203454,0.001,64,32,5000,ula,14
65824,8359648,-278.59889528561683,0.001,64,32,5000,ula,14
65856,8363712,-265.7286584366969,0.001,64,32,5000,ula,14
65888,8367776,-280.02131848794613,0.001,64,32,5000,ula,14
65920,8371840,-249.9412170678877,0.001,64,32,5000,ula,14
65952,8375904,-277.6598303746018,0.001,64,32,5000,ula,14
65984,8379968,-281.5607207969831,0.001,64,32,5000,ula,14
66016,8384032,-286.3936606525316,0.001,64,32,5000,ula,14
66048,8388096,-262.89773478491264,0.001,64,32,5000,ula,14
66080,8392160,-282.9148589578753,0.001,64,32,5000,ula,14
66112,8396224,-260.1146080767687,0.001,64,32,5000,ula,14
66144,8400288,-259.22268515710186,0.001,64,32,5000,ula,14
66176,8404352,-259.2629293376864,0.001,64,32,5000,ula,14
66208,8408416,-282.37036943623616,0.001,64,32,5000,ula,14
66240,8412480,-282.2367519677762,0.001,64,32,5000,ula,14
66272,8416544,-259.6272510504345,0.001,64,32,5000,ula,14
66304,8420608,-278.7728844920702,0.001,64,32,5000,ula,14
66336,8424672,-273.18664375122734,0.001,64,32,5000,ula,14
66368,8428736,-270.4732217602648,0.001,64,32,5000,ula,14
66400,8432800,-277.5068833649072,0.001,64,32,5000,ula,14
66432,8436864,-275.4534811472407,0.001,64,32,5000,ula,14
66464,8440928,-269.2849580265423,0.001,64,32,5000,ula,14
66496,8444992,-281.54761219245927,0.001,64,32,5000,ula,14
66528,8449056,-261.3185229522733,0.001,64,32,5000,ula,14
66560,8453120,-260.81886354431225,0.001,64,32,5000,ula,14
66592,8457184,-262.0235946779646,0.001,64,32,5000,ula,14
66624,8461248,-274.56380122209646,0.001,64,32,5000,ula,14
66656,8465312,-282.66373514140605,0.001,64,32,5000,ula,14
66688,8469376,-273.41503967576836,0.001,64,32,5000,ula,14
66720,8473440,-269.9527130051523,0.001,64,32,5000,ula,14
66752,8477504,-273.85759100910775,0.001,64,32,5000,ula,14
66784,8481568,-268.0563458488335,0.001,64,32,5000,ula,14
66816,8485632,-270.45500494196284,0.001,64,32,5000,ula,14
66848,8489696,-271.39517881122606,0.001,64,32,5000,ula,14
66880,8493760,-246.4703566294057,0.001,64,32,5000,ula,14
66912,8497824,-253.6539796118948,0.001,64,32,5000,ula,14
66944,8501888,-247.29572142393485,0.001,64,32,5000,ula,14
66976,8505952,-250.40945872982894,0.001,64,32,5000,ula,14
67008,8510016,-254.42808168396388,0.001,64,32,5000,ula,14
67040,8514080,-256.3501486667868,0.001,64,32,5000,ula,14
67072,8518144,-277.3726314062026,0.001,64,32,5000,ula,14
67104,8522208,-273.9468046611192,0.001,64,32,5000,ula,14
67136,8526272,-267.7776968377174,0.001,64,32,5000,ula,14
67168,8530336,-258.37936670766146,0.001,64,32,5000,ula,14
67200,8534400,-270.2938538229271,0.001,64,32,5000,ula,14
67232,8538464,-261.71255519035776,0.001,64,32,5000,ula,14
67264,8542528,-251.91878327364037,0.001,64,32,5000,ula,14
67296,8546592,-268.1990356156768,0.001,64,32,5000,ula,14
67328,8550656,-268.1369362572534,0.001,64,32,5000,ula,14
67360,8554720,-270.48247105584653,0.001,64,32,5000,ula,14
67392,8558784,-252.32218416611232,0.001,64,32,5000,ula,14
67424,8562848,-259.8872306606317,0.001,64,32,5000,ula,14
67456,8566912,-262.53095259037076,0.001,64,32,5000,ula,14
67488,8570976,-268.49523010930716,0.001,64,32,5000,ula,14
67520,8575040,-272.40275599776686,0.001,64,32,5000,ula,14
67552,8579104,-271.3841078310151,0.001,64,32,5000,ula,14
67584,8583168,-275.01874609747983,0.001,64,32,5000,ula,14
67616,8587232,-274.1069240710255,0.001,64,32,5000,ula,14
67648,8591296,-261.46400403178916,0.001,64,32,5000,ula,14
67680,8595360,-270.63684834274335,0.001,64,32,5000,ula,14
67712,8599424,-268.6833139326676,0.001,64,32,5000,ula,14
67744,8603488,-236.27421567121903,0.001,64,32,5000,ula,14
67776,8607552,-260.2073834858136,0.001,64,32,5000,ula,14
67808,8611616,-261.33207907248186,0.001,64,32,5000,ula,14
67840,8615680,-255.85189187314722,0.001,64,32,5000,ula,14
67872,8619744,-263.57408073380674,0.001,64,32,5000,ula,14
67904,8623808,-252.52542465609633,0.001,64,32,5000,ula,14
67936,8627872,-261.19462897146167,0.001,64,32,5000,ula,14
67968,8631936,-239.17589899829088,0.001,64,32,5000,ula,14
68000,8636000,-265.4076803665672,0.001,64,32,5000,ula,14
68032,8640064,-259.5093761491061,0.001,64,32,5000,ula,14
68064,8644128,-269.98806382647075,0.001,64,32,5000,ula,14
68096,8648192,-269.14377669916166,0.001,64,32,5000,ula,14
68128,8652256,-263.45276694348007,0.001,64,32,5000,ula,14
68160,8656320,-258.7469727420794,0.001,64,32,5000,ula,14
68192,8660384,-249.74631670795517,0.001,64,32,5000,ula,14
68224,8664448,-260.8476911564081,0.001,64,32,5000,ula,14
68256,8668512,-240.42281910019176,0.001,64,32,5000,ula,14
68288,8672576,-242.1462623493004,0.001,64,32,5000,ula,14
68320,8676640,-261.42929279471116,0.001,64,32,5000,ula,14
68352,8680704,-241.56509988822606,0.001,64,32,5000,ula,14
68384,8684768,-255.26667884645292,0.001,64,32,5000,ula,14
68416,8688832,-264.73271440420905,0.001,64,32,5000,ula,14
68448,8692896,-256.84318102583967,0.001,64,32,5000,ula,14
68480,8696960,-243.67930875619703,0.001,64,32,5000,ula,14
68512,8701024,-261.90241353864,0.001,64,32,5000,ula,14
68544,8705088,-249.7692348390115,0.001,64,32,5000,ula,14
68576,8709152,-266.6542218230533,0.001,64,32,5000,ula,14
68608,8713216,-261.1279986343659,0.001,64,32,5000,ula,14
68640,8717280,-262.81099534092453,0.001,64,32,5000,ula,14
68672,8721344,-269.00842614662025,0.001,64,32,5000,ula,14
68704,8725408,-269.8085340409754,0.001,64,32,5000,ula,14
68736,8729472,-265.69239533195014,0.001,64,32,5000,ula,14
68768,8733536,-250.00299572203886,0.001,64,32,5000,ula,14
68800,8737600,-259.34702671812045,0.001,64,32,5000,ula,14
68832,8741664,-246.31304565492323,0.001,64,32,5000,ula,14
68864,8745728,-262.79969371108064,0.001,64,32,5000,ula,14
68896,8749792,-260.7674507967456,0.001,64,32,5000,ula,14
68928,8753856,-257.147117064961,0.001,64,32,5000,ula,14
68960,8757920,-251.91610845316742,0.001,64,32,5000,ula,14
68992,8761984,-267.3269226649147,0.001,64,32,5000,ula,14
69024,8766048,-250.96637737597501,0.001,64,32,5000,ula,14
69056,8770112,-261.36668957128563,0.001,64,32,5000,ula,14
69088,8774176,-249.70953278348634,0.001,64,32,5000,ula,14
69120,8778240,-257.4278848443795,0.001,64,32,5000,ula,14
69152,8782304,-257.9255410728444,0.001,64,32,5000,ula,14
69184,8786368,-245.30445625937267,0.001,64,32,5000,ula,14
69216,8790432,-241.93341903058993,0.001,64,32,5000,ula,14
69248,8794496,-263.0623522466417,0.001,64,32,5000,ula,14
69280,8798560,-258.2934045296544,0.001,64,32,5000,ula,14
69312,8802624,-270.0641908117594,0.001,64,32,5000,ula,14
69344,8806688,-244.4362542512847,0.001,64,32,5000,ula,14
69376,8810752,-264.76159414291936,0.001,64,32,5000,ula,14
69408,8814816,-222.42326637880706,0.001,64,32,5000,ula,14
69440,8818880,-262.3822989010512,0.001,64,32,5000,ula,14
69472,8822944,-248.58427078487853,0.001,64,32,5000,ula,14
69504,8827008,-253.31442997654315,0.001,64,32,5000,ula,14
69536,8831072,-239.42152060771733,0.001,64,32,5000,ula,14
69568,8835136,-236.59121139675898,0.001,64,32,5000,ula,14
69600,8839200,-253.73583381120974,0.001,64,32,5000,ula,14
69632,8843264,-262.9907254362027,0.001,64,32,5000,ula,14
69664,8847328,-261.22579988228745,0.001,64,32,5000,ula,14
69696,8851392,-255.4679628256725,0.001,64,32,5000,ula,14
69728,8855456,-234.43992587046017,0.001,64,32,5000,ula,14
69760,8859520,-245.43650540463483,0.001,64,32,5000,ula,14
69792,8863584,-259.31700684918644,0.001,64,32,5000,ula,14
69824,8867648,-243.7861363280696,0.001,64,32,5000,ula,14
69856,8871712,-248.64939996721876,0.001,64,32,5000,ula,14
69888,8875776,-249.1369105180976,0.001,64,32,5000,ula,14
69920,8879840,-249.4808796954597,0.001,64,32,5000,ula,14
69952,8883904,-244.50508108595423,0.001,64,32,5000,ula,14
69984,8887968,-249.10011839604076,0.001,64,32,5000,ula,14
70016,8892032,-249.69145676753593,0.001,64,32,5000,ula,14
70048,8896096,-263.4517162319805,0.001,64,32,5000,ula,14
70080,8900160,-245.4364181858641,0.001,64,32,5000,ula,14
70112,8904224,-234.9655203870001,0.001,64,32,5000,ula,14
70144,8908288,-228.85290565424242,0.001,64,32,5000,ula,14
70176,8912352,-258.9955886596758,0.001,64,32,5000,ula,14
70208,8916416,-252.5879002151395,0.001,64,32,5000,ula,14
70240,8920480,-244.12424436756007,0.001,64,32,5000,ula,14
70272,8924544,-239.27711987852982,0.001,64,32,5000,ula,14
70304,8928608,-244.5110109171532,0.001,64,32,5000,ula,14
70336,8932672,-251.56542990559225,0.001,64,32,5000,ula,14
70368,8936736,-247.67242218650705,0.001,64,32,5000,ula,14
70400,8940800,-231.6075608058518,0.001,64,32,5000,ula,14
70432,8944864,-251.96352327466704,0.001,64,32,5000,ula,14
70464,8948928,-256.14707676938,0.001,64,32,5000,ula,14
70496,8952992,-244.20237022056685,0.001,64,32,5000,ula,14
70528,8957056,-254.8825071827528,0.001,64,32,5000,ula,14
70560,8961120,-251.04556912274484,0.001,64,32,5000,ula,14
70592,8965184,-241.51963291375424,0.001,64,32,5000,ula,14
70624,8969248,-240.40202161276633,0.001,64,32,5000,ula,14
70656,8973312,-248.79986277025887,0.001,64,32,5000,ula,14
70688,8977376,-243.26047625920637,0.001,64,32,5000,ula,14
70720,8981440,-260.9820889181203,0.001,64,32,5000,ula,14
70752,8985504,-235.35389420005865,0.001,64,32,5000,ula,14
70784,8989568,-236.19493300169867,0.001,64,32,5000,ula,14
70816,8993632,-245.46520025859232,0.001,64,32,5000,ula,14
70848,8997696,-241.54790847370467,0.001,64,32,5000,ula,14
70880,9001760,-250.21631359337164,0.001,64,32,5000,ula,14
70912,9005824,-248.97731960087893,0.001,64,32,5000,ula,14
70944,9009888,-248.3213833819097,0.001,64,32,5000,ula,14
70976,9013952,-229.22140136146345,0.001,64,32,5000,ula,14
71008,9018016,-253.79631936321437,0.001,64,32,5000,ula,14
71040,9022080,-249.35316690853472,0.001,64,32,5000,ula,14
71072,9026144,-249.3524724783207,0.001,64,32,5000,ula,14
71104,9030208,-239.34092874879087,0.001,64,32,5000,ula,14
71136,9034272,-249.86120027903124,0.001,64,32,5000,ula,14
71168,9038336,-242.74201572204052,0.001,64,32,5000,ula,14
71200,9042400,-243.85631140739633,0.001,64,32,5000,ula,14
71232,9046464,-239.17145028597082,0.001,64,32,5000,ula,14
71264,9050528,-248.30711510778437,0.001,64,32,5000,ula,14
71296,9054592,-234.3851745633287,0.001,64,32,5000,ula,14
71328,9058656,-254.44178310487513,0.001,64,32,5000,ula,14
71360,9062720,-247.31985663155208,0.001,64,32,5000,ula,14
71392,9066784,-236.84845166828072,0.001,64,32,5000,ula,14
71424,9070848,-248.98623722701078,0.001,64,32,5000,ula,14
71456,9074912,-253.19044472226662,0.001,64,32,5000,ula,14
71488,9078976,-235.87771747027233,0.001,64,32,5000,ula,14
71520,9083040,-247.97948989051957,0.001,64,32,5000,ula,14
71552,9087104,-242.91472011908667,0.001,64,32,5000,ula,14
71584,9091168,-230.33765070289837,0.001,64,32,5000,ula,14
71616,9095232,-231.0223400751338,0.001,64,32,5000,ula,14
71648,9099296,-240.3410332519669,0.001,64,32,5000,ula,14
71680,9103360,-242.94413506370867,0.001,64,32,5000,ula,14
71712,9107424,-225.13363036542853,0.001,64,32,5000,ula,14
71744,9111488,-248.3277964721838,0.001,64,32,5000,ula,14
71776,9115552,-237.68302276414983,0.001,64,32,5000,ula,14
71808,9119616,-251.71041242724766,0.001,64,32,5000,ula,14
71840,9123680,-234.26530645266666,0.001,64,32,5000,ula,14
71872,9127744,-239.08486136989774,0.001,64,32,5000,ula,14
71904,9131808,-249.43019813985362,0.001,64,32,5000,ula,14
71936,9135872,-246.78322801734848,0.001,64,32,5000,ula,14
71968,9139936,-245.9456173120021,0.001,64,32,5000,ula,14
72000,9144000,-245.51546138032796,0.001,64,32,5000,ula,14
72032,9148064,-238.19315171663922,0.001,64,32,5000,ula,14
72064,9152128,-242.39212042290637,0.001,64,32,5000,ula,14
72096,9156192,-220.52164478191742,0.001,64,32,5000,ula,14
72128,9160256,-244.64564480948636,0.001,64,32,5000,ula,14
72160,9164320,-228.76261957228198,0.001,64,32,5000,ula,14
72192,9168384,-254.42497932438047,0.001,64,32,5000,ula,14
72224,9172448,-242.02869896328068,0.001,64,32,5000,ula,14
72256,9176512,-235.55061108953532,0.001,64,32,5000,ula,14
72288,9180576,-247.75679832053726,0.001,64,32,5000,ula,14
72320,9184640,-242.46399010131498,0.001,64,32,5000,ula,14
72352,9188704,-254.96151187324548,0.001,64,32,5000,ula,14
72384,9192768,-235.2956488915224,0.001,64,32,5000,ula,14
72416,9196832,-231.58061474949255,0.001,64,32,5000,ula,14
72448,9200896,-249.69939982410864,0.001,64,32,5000,ula,14
72480,9204960,-238.35878810816402,0.001,64,32,5000,ula,14
72512,9209024,-225.9508106403974,0.001,64,32,5000,ula,14
72544,9213088,-230.59427635638383,0.001,64,32,5000,ula,14
72576,9217152,-240.01278827279705,0.001,64,32,5000,ula,14
72608,9221216,-239.28568012793482,0.001,64,32,5000,ula,14
72640,9225280,-237.7101902022913,0.001,64,32,5000,ula,14
72672,9229344,-248.6817753120464,0.001,64,32,5000,ula,14
72704,9233408,-233.63142351118734,0.001,64,32,5000,ula,14
72736,9237472,-231.99755222369492,0.001,64,32,5000,ula,14
72768,9241536,-238.07959453085965,0.001,64,32,5000,ula,14
72800,9245600,-230.52691706336242,0.001,64,32,5000,ula,14
72832,9249664,-251.2309196382868,0.001,64,32,5000,ula,14
72864,9253728,-244.950754093135,0.001,64,32,5000,ula,14
72896,9257792,-229.99494912877634,0.001,64,32,5000,ula,14
72928,9261856,-226.79541044487533,0.001,64,32,5000,ula,14
72960,9265920,-217.7806232087357,0.001,64,32,5000,ula,14
72992,9269984,-244.6634595966305,0.001,64,32,5000,ula,14
73024,9274048,-245.70109923777753,0.001,64,32,5000,ula,14
73056,9278112,-243.92102191075375,0.001,64,32,5000,ula,14
73088,9282176,-240.70466750946133,0.001,64,32,5000,ula,14
73120,9286240,-240.38338674966684,0.001,64,32,5000,ula,14
73152,9290304,-237.41167132308144,0.001,64,32,5000,ula,14
73184,9294368,-243.03241715963318,0.001,64,32,5000,ula,14
73216,9298432,-228.65184283231483,0.001,64,32,5000,ula,14
73248,9302496,-243.83027147583772,0.001,64,32,5000,ula,14
73280,9306560,-242.12761800886432,0.001,64,32,5000,ula,14
73312,9310624,-244.2250370351259,0.001,64,32,5000,ula,14
73344,9314688,-236.4791271736495,0.001,64,32,5000,ula,14
73376,9318752,-231.49405545039144,0.001,64,32,5000,ula,14
73408,9322816,-224.42971467894122,0.001,64,32,5000,ula,14
73440,9326880,-231.8838952754164,0.001,64,32,5000,ula,14
73472,9330944,-237.25636219679987,0.001,64,32,5000,ula,14
73504,9335008,-217.14861463246828,0.001,64,32,5000,ula,14
73536,9339072,-237.8837213758793,0.001,64,32,5000,ula,14
73568,9343136,-244.00579294336552,0.001,64,32,5000,ula,14
73600,9347200,-223.99585946184757,0.001,64,32,5000,ula,14
73632,9351264,-227.3230094975573,0.001,64,32,5000,ula,14
73664,9355328,-226.79258636616277,0.001,64,32,5000,ula,14
73696,9359392,-227.92840656225488,0.001,64,32,5000,ula,14
73728,9363456,-231.99470656260314,0.001,64,32,5000,ula,14
73760,9367520,-227.04398693275357,0.001,64,32,5000,ula,14
73792,9371584,-235.9249767437478,0.001,64,32,5000,ula,14
73824,9375648,-236.85434554197124,0.001,64,32,5000,ula,14
73856,9379712,-224.93513256543508,0.001,64,32,5000,ula,14
73888,9383776,-236.7546955423259,0.001,64,32,5000,ula,14
73920,9387840,-228.31440075243685,0.001,64,32,5000,ula,14
73952,9391904,-222.30109959298295,0.001,64,32,5000,ula,14
73984,9395968,-219.95076709614156,0.001,64,32,5000,ula,14
74016,9400032,-232.30793305914614,0.001,64,32,5000,ula,14
74048,9404096,-231.16791426606713,0.001,64,32,5000,ula,14
74080,9408160,-232.29981691079217,0.001,64,32,5000,ula,14
74112,9412224,-236.91586959047754,0.001,64,32,5000,ula,14
74144,9416288,-218.90246178346155,0.001,64,32,5000,ula,14
74176,9420352,-224.9334587796903,0.001,64,32,5000,ula,14
74208,9424416,-221.4008845000122,0.001,64,32,5000,ula,14
74240,9428480,-229.66556791652144,0.001,64,32,5000,ula,14
74272,9432544,-239.93075396251388,0.001,64,32,5000,ula,14
74304,9436608,-233.20067080905375,0.001,64,32,5000,ula,14
74336,9440672,-235.0425842956562,0.001,64,32,5000,ula,14
74368,9444736,-242.35633332720252,0.001,64,32,5000,ula,14
74400,9448800,-229.05138374724345,0.001,64,32,5000,ula,14
74432,9452864,-234.83463148856978,0.001,64,32,5000,ula,14
74464,9456928,-228.39011912690674,0.001,64,32,5000,ula,14
74496,9460992,-237.44127967204426,0.001,64,32,5000,ula,14
74528,9465056,-228.84825819096582,0.001,64,32,5000,ula,14
74560,9469120,-232.71449830863003,0.001,64,32,5000,ula,14
74592,9473184,-235.49485440040957,0.001,64,32,5000,ula,14
74624,9477248,-235.1559651663122,0.001,64,32,5000,ula,14
74656,9481312,-219.1779867241478,0.001,64,32,5000,ula,14
74688,9485376,-227.5955503207203,0.001,64,32,5000,ula,14
74720,9489440,-222.81020747739439,0.001,64,32,5000,ula,14
74752,9493504,-230.42990576726118,0.001,64,32,5000,ula,14
74784,9497568,-223.87047474552338,0.001,64,32,5000,ula,14
74816,9501632,-221.3143402054652,0.001,64,32,5000,ula,14
74848,9505696,-227.68727845734207,0.001,64,32,5000,ula,14
74880,9509760,-230.13810938811636,0.001,64,32,5000,ula,14
74912,9513824,-226.11722272420852,0.001,64,32,5000,ula,14
74944,9517888,-223.3926712445174,0.001,64,32,5000,ula,14
74976,9521952,-228.4266117302034,0.001,64,32,5000,ula,14
75008,9526016,-204.84861190340536,0.001,64,32,5000,ula,14
75040,9530080,-226.13694163700674,0.001,64,32,5000,ula,14
75072,9534144,-232.49391676269667,0.001,64,32,5000,ula,14
75104,9538208,-220.83842573402785,0.001,64,32,5000,ula,14
75136,9542272,-235.95610494454613,0.001,64,32,5000,ula,14
75168,9546336,-219.13760894856412,0.001,64,32,5000,ula,14
75200,9550400,-231.02123776593234,0.001,64,32,5000,ula,14
75232,9554464,-231.12510908418417,0.001,64,32,5000,ula,14
75264,9558528,-231.47583098877953,0.001,64,32,5000,ula,14
75296,9562592,-221.99685990203375,0.001,64,32,5000,ula,14
75328,9566656,-217.61619801417075,0.001,64,32,5000,ula,14
75360,9570720,-213.3439846237049,0.001,64,32,5000,ula,14
75392,9574784,-224.37551604284624,0.001,64,32,5000,ula,14
75424,9578848,-228.86870659983128,0.001,64,32,5000,ula,14
75456,9582912,-230.87133031894078,0.001,64,32,5000,ula,14
75488,9586976,-232.40310332072397,0.001,64,32,5000,ula,14
75520,9591040,-228.65534367345668,0.001,64,32,5000,ula,14
75552,9595104,-229.99228044655496,0.001,64,32,5000,ula,14
75584,9599168,-231.9999690803831,0.001,64,32,5000,ula,14
75616,9603232,-224.79472452500283,0.001,64,32,5000,ula,14
75648,9607296,-221.12397003617622,0.001,64,32,5000,ula,14
75680,9611360,-213.21821433359906,0.001,64,32,5000,ula,14
75712,9615424,-212.84423554459391,0.001,64,32,5000,ula,14
75744,9619488,-225.5161337988001,0.001,64,32,5000,ula,14
75776,9623552,-224.5547354706685,0.001,64,32,5000,ula,14
75808,9627616,-224.2387152567053,0.001,64,32,5000,ula,14
75840,9631680,-214.37424697262873,0.001,64,32,5000,ula,14
75872,9635744,-222.01526413941045,0.001,64,32,5000,ula,14
75904,9639808,-215.3140942214281,0.001,64,32,5000,ula,14
75936,9643872,-221.10503344992674,0.001,64,32,5000,ula,14
75968,9647936,-225.62189620877538,0.001,64,32,5000,ula,14
76000,9652000,-228.84438209430604,0.001,64,32,5000,ula,14
76032,9656064,-233.10318010062971,0.001,64,32,5000,ula,14
76064,9660128,-228.20177324379569,0.001,64,32,5000,ula,14
76096,9664192,-232.8432140521283,0.001,64,32,5000,ula,14
76128,9668256,-228.97169080173526,0.001,64,32,5000,ula,14
76160,9672320,-220.46128790176607,0.001,64,32,5000,ula,14
76192,9676384,-227.06219827951242,0.001,64,32,5000,ula,14
76224,9680448,-221.8160116479658,0.001,64,32,5000,ula,14
76256,9684512,-207.87879208077317,0.001,64,32,5000,ula,14
76288,9688576,-220.3003481486696,0.001,64,32,5000,ula,14
76320,9692640,-225.53367091766629,0.001,64,32,5000,ula,14
76352,9696704,-226.206475206173,0.001,64,32,5000,ula,14
76384,9700768,-220.0845184280377,0.001,64,32,5000,ula,14
76416,9704832,-219.8552389817404,0.001,64,32,5000,ula,14
76448,9708896,-229.05873822331816,0.001,64,32,5000,ula,14
76480,9712960,-227.79418521182942,0.001,64,32,5000,ula,14
76512,9717024,-222.37720841818697,0.001,64,32,5000,ula,14
76544,9721088,-221.445388013421,0.001,64,32,5000,ula,14
76576,9725152,-229.12696999173414,0.001,64,32,5000,ula,14
76608,9729216,-219.3055986129917,0.001,64,32,5000,ula,14
76640,9733280,-234.3173800181328,0.001,64,32,5000,ula,14
76672,9737344,-229.81996129745812,0.001,64,32,5000,ula,14
76704,9741408,-222.40607417419895,0.001,64,32,5000,ula,14
76736,9745472,-222.35128621674735,0.001,64,32,5000,ula,14
76768,9749536,-221.49824661526085,0.001,64,32,5000,ula,14
76800,9753600,-214.9196273644881,0.001,64,32,5000,ula,14
76832,9757664,-232.85282055451606,0.001,64,32,5000,ula,14
76864,9761728,-207.69182039411558,0.001,64,32,5000,ula,14
76896,9765792,-212.9482941995649,0.001,64,32,5000,ula,14
76928,9769856,-217.91691594164587,0.001,64,32,5000,ula,14
76960,9773920,-214.83363734670831,0.001,64,32,5000,ula,14
76992,9777984,-230.81198723905655,0.001,64,32,5000,ula,14
77024,9782048,-225.25017517989022,0.001,64,32,5000,ula,14
77056,9786112,-212.2729624029322,0.001,64,32,5000,ula,14
77088,9790176,-210.09741120099528,0.001,64,32,5000,ula,14
77120,9794240,-224.21675343314433,0.001,64,32,5000,ula,14
77152,9798304,-225.9674520160065,0.001,64,32,5000,ula,14
77184,9802368,-220.0750645721985,0.001,64,32,5000,ula,14
77216,9806432,-218.126234724967,0.001,64,32,5000,ula,14
77248,9810496,-212.67943514025856,0.001,64,32,5000,ula,14
77280,9814560,-212.32917919561652,0.001,64,32,5000,ula,14
77312,9818624,-216.1122954707501,0.001,64,32,5000,ula,14
77344,9822688,-213.0650857080296,0.001,64,32,5000,ula,14
77376,9826752,-209.9320221786231,0.001,64,32,5000,ula,14
77408,9830816,-220.52231179644835,0.001,64,32,5000,ula,14
77440,9834880,-212.84045493290563,0.001,64,32,5000,ula,14
77472,9838944,-227.01742376427438,0.001,64,32,5000,ula,14
77504,9843008,-222.49642681424567,0.001,64,32,5000,ula,14
77536,9847072,-230.42402754726368,0.001,64,32,5000,ula,14
77568,9851136,-224.10053734720032,0.001,64,32,5000,ula,14
77600,9855200,-215.11420836093905,0.001,64,32,5000,ula,14
77632,9859264,-228.19239970509068,0.001,64,32,5000,ula,14
77664,9863328,-228.1435231479943,0.001,64,32,5000,ula,14
77696,9867392,-218.4806438193958,0.001,64,32,5000,ula,14
77728,9871456,-212.6949321742089,0.001,64,32,5000,ula,14
77760,9875520,-220.6756061182844,0.001,64,32,5000,ula,14
77792,9879584,-219.69957643928643,0.001,64,32,5000,ula,14
77824,9883648,-222.27390011405444,0.001,64,32,5000,ula,14
77856,9887712,-205.85578924724174,0.001,64,32,5000,ula,14
77888,9891776,-223.27928061569995,0.001,64,32,5000,ula,14
77920,9895840,-205.11595626539454,0.001,64,32,5000,ula,14
77952,9899904,-216.02352381564998,0.001,64,32,5000,ula,14
77984,9903968,-219.5883140793398,0.001,64,32,5000,ula,14
78016,9908032,-218.6940613174763,0.001,64,32,5000,ula,14
78048,9912096,-216.83854092323583,0.001,64,32,5000,ula,14
78080,9916160,-218.36131399669466,0.001,64,32,5000,ula,14
78112,9920224,-215.385278285802,0.001,64,32,5000,ula,14
78144,9924288,-226.8406549765509,0.001,64,32,5000,ula,14
78176,9928352,-222.53127758838014,0.001,64,32,5000,ula,14
78208,9932416,-215.25995586522572,0.001,64,32,5000,ula,14
78240,9936480,-211.2145457893449,0.001,64,32,5000,ula,14
78272,9940544,-224.36378383798075,0.001,64,32,5000,ula,14
78304,9944608,-222.14551105018128,0.001,64,32,5000,ula,14
78336,9948672,-228.20560072430575,0.001,64,32,5000,ula,14
78368,9952736,-220.3529825464984,0.001,64,32,5000,ula,14
78400,9956800,-219.09475470728148,0.001,64,32,5000,ula,14
78432,9960864,-219.24971877462406,0.001,64,32,5000,ula,14
78464,9964928,-222.11814417346912,0.001,64,32,5000,ula,14
78496,9968992,-216.38298007876534,0.001,64,32,5000,ula,14
78528,9973056,-214.0199956016846,0.001,64,32,5000,ula,14
78560,9977120,-207.4933188689572,0.001,64,32,5000,ula,14
78592,9981184,-214.07847707979874,0.001,64,32,5000,ula,14
78624,9985248,-212.5892442081402,0.001,64,32,5000,ula,14
78656,9989312,-208.64013341566113,0.001,64,32,5000,ula,14
78688,9993376,-222.80169411567226,0.001,64,32,5000,ula,14
78720,9997440,-215.3611333900413,0.001,64,32,5000,ula,14
78752,10001504,-215.46600497593337,0.001,64,32,5000,ula,14
78784,10005568,-215.7388884911493,0.001,64,32,5000,ula,14
78816,10009632,-216.5098002567932,0.001,64,32,5000,ula,14
78848,10013696,-207.14515610273375,0.001,64,32,5000,ula,14
78880,10017760,-216.3956663792703,0.001,64,32,5000,ula,14
78912,10021824,-203.4177839217295,0.001,64,32,5000,ula,14
78944,10025888,-215.09918003770912,0.001,64,32,5000,ula,14
78976,10029952,-219.64617980853467,0.001,64,32,5000,ula,14
79008,10034016,-220.52662477732605,0.001,64,32,5000,ula,14
79040,10038080,-219.79820434821858,0.001,64,32,5000,ula,14
79072,10042144,-210.29091873975702,0.001,64,32,5000,ula,14
79104,10046208,-220.98293029755072,0.001,64,32,5000,ula,14
79136,10050272,-216.00594673191935,0.001,64,32,5000,ula,14
79168,10054336,-212.622345255516,0.001,64,32,5000,ula,14
79200,10058400,-210.4429573235348,0.001,64,32,5000,ula,14
79232,10062464,-198.76566727059208,0.001,64,32,5000,ula,14
79264,10066528,-216.43923129141146,0.001,64,32,5000,ula,14
79296,10070592,-203.42928960017775,0.001,64,32,5000,ula,14
79328,10074656,-212.94094659241574,0.001,64,32,5000,ula,14
79360,10078720,-213.27702370651943,0.001,64,32,5000,ula,14
79392,10082784,-210.9130836829861,0.001,64,32,5000,ula,14
79424,10086848,-203.47391039343543,0.001,64,32,5000,ula,14
79456,10090912,-222.4960670010099,0.001,64,32,5000,ula,14
79488,10094976,-208.9400833401666,0.001,64,32,5000,ula,14
79520,10099040,-196.3783853941527,0.001,64,32,5000,ula,14
79552,10103104,-208.07213395815106,0.001,64,32,5000,ula,14
79584,10107168,-219.61416692136913,0.001,64,32,5000,ula,14
79616,10111232,-204.8985023345786,0.001,64,32,5000,ula,14
79648,10115296,-219.23524916723088,0.001,64,32,5000,ula,14
79680,10119360,-209.5669279282477,0.001,64,32,5000,ula,14
79712,10123424,-213.15882667094098,0.001,64,32,5000,ula,14
79744,10127488,-214.97535908905346,0.001,64,32,5000,ula,14
79776,10131552,-208.1795760480098,0.001,64,32,5000,ula,14
79808,10135616,-220.06040014529952,0.001,64,32,5000,ula,14
79840,10139680,-215.38908216831348,0.001,64,32,5000,ula,14
79872,10143744,-201.33608126947,0.001,64,32,5000,ula,14
79904,10147808,-217.34110144036785,0.001,64,32,5000,ula,14
79936,10151872,-211.7856784894048,0.001,64,32,5000,ula,14
79968,10155936,-201.75106094307694,0.001,64,32,5000,ula,14
80000,10160000,-210.4278833646885,0.001,64,32,5000,ula,14
80032,10164064,-204.9488321189577,0.001,64,32,5000,ula,14
80064,10168128,-220.84371778581863,0.001,64,32,5000,ula,14
80096,10172192,-207.9533429802568,0.001,64,32,5000,ula,14
80128,10176256,-210.43561670073746,0.001,64,32,5000,ula,14
80160,10180320,-198.4515484553567,0.001,64,32,5000,ula,14
80192,10184384,-215.60223537313195,0.001,64,32,5000,ula,14
80224,10188448,-211.61414771791945,0.001,64,32,5000,ula,14
80256,10192512,-210.9726760940244,0.001,64,32,5000,ula,14
80288,10196576,-208.10970851855254,0.001,64,32,5000,ula,14
80320,10200640,-207.19620989150596,0.001,64,32,5000,ula,14
80352,10204704,-201.8157004125104,0.001,64,32,5000,ula,14
80384,10208768,-209.05254479870084,0.001,64,32,5000,ula,14
80416,10212832,-211.6715965104027,0.001,64,32,5000,ula,14
80448,10216896,-202.111482760077,0.001,64,32,5000,ula,14
80480,10220960,-215.3401178596399,0.001,64,32,5000,ula,14
80512,10225024,-204.77693766470412,0.001,64,32,5000,ula,14
80544,10229088,-215.72694520888766,0.001,64,32,5000,ula,14
80576,10233152,-215.39737775218708,0.001,64,32,5000,ula,14
80608,10237216,-217.21338101055682,0.001,64,32,5000,ula,14
80640,10241280,-221.11313624858596,0.001,64,32,5000,ula,14
80672,10245344,-203.15089807794095,0.001,64,32,5000,ula,14
80704,10249408,-210.6650753459098,0.001,64,32,5000,ula,14
80736,10253472,-217.3853688290573,0.001,64,32,5000,ula,14
80768,10257536,-208.87784801471838,0.001,64,32,5000,ula,14
80800,10261600,-215.18234016355606,0.001,64,32,5000,ula,14
80832,10265664,-213.9463589971813,0.001,64,32,5000,ula,14
80864,10269728,-211.66640749534582,0.001,64,32,5000,ula,14
80896,10273792,-216.5262611365794,0.001,64,32,5000,ula,14
80928,10277856,-204.79394591220841,0.001,64,32,5000,ula,14
80960,10281920,-199.28431944272384,0.001,64,32,5000,ula,14
80992,10285984,-212.1504084581368,0.001,64,32,5000,ula,14
81024,10290048,-207.16720995463828,0.001,64,32,5000,ula,14
81056,10294112,-206.29629624432258,0.001,64,32,5000,ula,14
81088,10298176,-203.75873599296247,0.001,64,32,5000,ula,14
81120,10302240,-210.41474130221377,0.001,64,32,5000,ula,14
81152,10306304,-207.22293000125012,0.001,64,32,5000,ula,14
81184,10310368,-214.18156067598525,0.001,64,32,5000,ula,14
81216,10314432,-207.78695596548428,0.001,64,32,5000,ula,14
81248,10318496,-197.90579122041078,0.001,64,32,5000,ula,14
81280,10322560,-210.35402627670405,0.001,64,32,5000,ula,14
81312,10326624,-209.06140576820985,0.001,64,32,5000,ula,14
81344,10330688,-210.8771988413417,0.001,64,32,5000,ula,14
81376,10334752,-201.76179206247406,0.001,64,32,5000,ula,14
81408,10338816,-206.46363489003656,0.001,64,32,5000,ula,14
81440,10342880,-219.03789680005383,0.001,64,32,5000,ula,14
81472,10346944,-213.45153571432013,0.001,64,32,5000,ula,14
81504,10351008,-202.4853830907308,0.001,64,32,5000,ula,14
81536,10355072,-210.70642641193598,0.001,64,32,5000,ula,14
81568,10359136,-210.65120866247972,0.001,64,32,5000,ula,14
81600,10363200,-206.93741275938342,0.001,64,32,5000,ula,14
81632,10367264,-212.40713534119038,0.001,64,32,5000,ula,14
81664,10371328,-202.58918464116772,0.001,64,32,5000,ula,14
81696,10375392,-195.08397744545977,0.001,64,32,5000,ula,14
81728,10379456,-203.84809316432467,0.001,64,32,5000,ula,14
81760,10383520,-191.7469560792868,0.001,64,32,5000,ula,14
81792,10387584,-219.72864300532237,0.001,64,32,5000,ula,14
81824,10391648,-213.7593493258392,0.001,64,32,5000,ula,14
81856,10395712,-209.67041946692916,0.001,64,32,5000,ula,14
81888,10399776,-208.3689719343136,0.001,64,32,5000,ula,14
81920,10403840,-205.39306818793312,0.001,64,32,5000,ula,14
81952,10407904,-208.21584738697376,0.001,64,32,5000,ula,14
81984,10411968,-205.55060211113488,0.001,64,32,5000,ula,14
82016,10416032,-210.70817321349267,0.001,64,32,5000,ula,14
82048,10420096,-211.33861730273804,0.001,64,32,5000,ula,14
82080,10424160,-195.5150250869986,0.001,64,32,5000,ula,14
82112,10428224,-211.5315620530995,0.001,64,32,5000,ula,14
82144,10432288,-201.54763044104385,0.001,64,32,5000,ula,14
82176,10436352,-207.79548327867266,0.001,64,32,5000,ula,14
82208,10440416,-213.10954276666646,0.001,64,32,5000,ula,14
82240,10444480,-199.68118446828646,0.001,64,32,5000,ula,14
82272,10448544,-208.63510728065498,0.001,64,32,5000,ula,14
82304,10452608,-208.41217003715695,0.001,64,32,5000,ula,14
82336,10456672,-199.37574794606445,0.001,64,32,5000,ula,14
82368,10460736,-208.5543565078344,0.001,64,32,5000,ula,14
82400,10464800,-202.53971619906983,0.001,64,32,5000,ula,14
82432,10468864,-203.2160074701563,0.001,64,32,5000,ula,14
82464,10472928,-212.0855792293629,0.001,64,32,5000,ula,14
82496,10476992,-213.4822589932182,0.001,64,32,5000,ula,14
82528,10481056,-212.03090148686323,0.001,64,32,5000,ula,14
82560,10485120,-215.51626852938395,0.001,64,32,5000,ula,14
82592,10489184,-198.3271427173601,0.001,64,32,5000,ula,14
82624,10493248,-207.97458596524194,0.001,64,32,5000,ula,14
82656,10497312,-203.25464630537292,0.001,64,32,5000,ula,14
82688,10501376,-216.7423690846599,0.001,64,32,5000,ula,14
82720,10505440,-214.38733952600066,0.001,64,32,5000,ula,14
82752,10509504,-212.5452427187378,0.001,64,32,5000,ula,14
82784,10513568,-193.66141279493448,0.001,64,32,5000,ula,14
82816,10517632,-206.433029147707,0.001,64,32,5000,ula,14
82848,10521696,-211.0284127465739,0.001,64,32,5000,ula,14
82880,10525760,-208.97558789007562,0.001,64,32,5000,ula,14
82912,10529824,-197.28221655866616,0.001,64,32,5000,ula,14
82944,10533888,-203.26148228268798,0.001,64,32,5000,ula,14
82976,10537952,-210.74740439522108,0.001,64,32,5000,ula,14
83008,10542016,-206.52512016372796,0.001,64,32,5000,ula,14
83040,10546080,-202.05382937629147,0.001,64,32,5000,ula,14
83072,10550144,-209.70935862635898,0.001,64,32,5000,ula,14
83104,10554208,-207.8999461050408,0.001,64,32,5000,ula,14
83136,10558272,-201.79517592746285,0.001,64,32,5000,ula,14
83168,10562336,-201.3467850704802,0.001,64,32,5000,ula,14
83200,10566400,-200.74692096320504,0.001,64,32,5000,ula,14
83232,10570464,-204.13691199843632,0.001,64,32,5000,ula,14
83264,10574528,-203.05649335500553,0.001,64,32,5000,ula,14
83296,10578592,-198.3873807111381,0.001,64,32,5000,ula,14
83328,10582656,-207.1354126667995,0.001,64,32,5000,ula,14
83360,10586720,-199.34276141591812,0.001,64,32,5000,ula,14
83392,10590784,-208.2486969680507,0.001,64,32,5000,ula,14
83424,10594848,-203.4838086260063,0.001,64,32,5000,ula,14
83456,10598912,-204.96694736798926,0.001,64,32,5000,ula,14
83488,10602976,-198.26663476799476,0.001,64,32,5000,ula,14
83520,10607040,-209.65786486817575,0.001,64,32,5000,ula,14
83552,10611104,-202.74939430462877,0.001,64,32,5000,ula,14
83584,10615168,-206.97398992545973,0.001,64,32,5000,ula,14
83616,10619232,-200.5603668742484,0.001,64,32,5000,ula,14
83648,10623296,-207.23301736409277,0.001,64,32,5000,ula,14
83680,10627360,-202.32308576427587,0.001,64,32,5000,ula,14
83712,10631424,-210.15360454510255,0.001,64,32,5000,ula,14
83744,10635488,-188.86238526709263,0.001,64,32,5000,ula,14
83776,10639552,-205.70565336134695,0.001,64,32,5000,ula,14
83808,10643616,-205.63440260211897,0.001,64,32,5000,ula,14
83840,10647680,-203.65703888333692,0.001,64,32,5000,ula,14
83872,10651744,-210.13780152166322,0.001,64,32,5000,ula,14
83904,10655808,-202.12161180898167,0.001,64,32,5000,ula,14
83936,10659872,-197.7512100116516,0.001,64,32,5000,ula,14
83968,10663936,-202.63661174165514,0.001,64,32,5000,ula,14
84000,10668000,-204.5027063241465,0.001,64,32,5000,ula,14
84032,10672064,-202.20668227866858,0.001,64,32,5000,ula,14
84064,10676128,-198.5510180394011,0.001,64,32,5000,ula,14
84096,10680192,-197.69158841079337,0.001,64,32,5000,ula,14
84128,10684256,-199.40824386067666,0.001,64,32,5000,ula,14
84160,10688320,-203.0753305435743,0.001,64,32,5000,ula,14
84192,10692384,-212.0066706047785,0.001,64,32,5000,ula,14
84224,10696448,-207.59238760043695,0.001,64,32,5000,ula,14
84256,10700512,-207.46894968082898,0.001,64,32,5000,ula,14
84288,10704576,-205.86373155686775,0.001,64,32,5000,ula,14
84320,10708640,-192.80664135572016,0.001,64,32,5000,ula,14
84352,10712704,-205.8487689034765,0.001,64,32,5000,ula,14
84384,10716768,-204.1426188630205,0.001,64,32,5000,ula,14
84416,10720832,-210.40051663811636,0.001,64,32,5000,ula,14
84448,10724896,-208.25243784090173,0.001,64,32,5000,ula,14
84480,10728960,-205.7387010159569,0.001,64,32,5000,ula,14
84512,10733024,-205.00625916589684,0.001,64,32,5000,ula,14
84544,10737088,-208.1838410535586,0.001,64,32,5000,ula,14
84576,10741152,-203.3325741896224,0.001,64,32,5000,ula,14
84608,10745216,-197.06023206736967,0.001,64,32,5000,ula,14
84640,10749280,-188.81833501696832,0.001,64,32,5000,ula,14
84672,10753344,-201.5118708329376,0.001,64,32,5000,ula,14
84704,10757408,-212.86949734444445,0.001,64,32,5000,ula,14
84736,10761472,-208.02970069791817,0.001,64,32,5000,ula,14
84768,10765536,-206.94944057979822,0.001,64,32,5000,ula,14
84800,10769600,-206.30288227116225,0.001,64,32,5000,ula,14
84832,10773664,-200.9564433143836,0.001,64,32,5000,ula,14
84864,10777728,-207.04987501604634,0.001,64,32,5000,ula,14
84896,10781792,-204.20109371270073,0.001,64,32,5000,ula,14
84928,10785856,-192.38960744913433,0.001,64,32,5000,ula,14
84960,10789920,-207.61122317191652,0.001,64,32,5000,ula,14
84992,10793984,-197.17089525347075,0.001,64,32,5000,ula,14
85024,10798048,-195.61827737769784,0.001,64,32,5000,ula,14
85056,10802112,-201.74335822333762,0.001,64,32,5000,ula,14
85088,10806176,-208.30611480113285,0.001,64,32,5000,ula,14
85120,10810240,-200.60943634743893,0.001,64,32,5000,ula,14
85152,10814304,-197.88031113729716,0.001,64,32,5000,ula,14
85184,10818368,-200.91416726677573,0.001,64,32,5000,ula,14
85216,10822432,-197.81816530376148,0.001,64,32,5000,ula,14
85248,10826496,-201.13024224017173,0.001,64,32,5000,ula,14
85280,10830560,-211.02537019085065,0.001,64,32,5000,ula,14
85312,10834624,-195.58092247169594,0.001,64,32,5000,ula,14
85344,10838688,-208.7279622620937,0.001,64,32,5000,ula,14
85376,10842752,-200.3980892277533,0.001,64,32,5000,ula,14
85408,10846816,-207.46527970955086,0.001,64,32,5000,ula,14
85440,10850880,-203.16514638069117,0.001,64,32,5000,ula,14
85472,10854944,-212.0948570523609,0.001,64,32,5000,ula,14
85504,10859008,-202.39616685788621,0.001,64,32,5000,ula,14
85536,10863072,-200.77451732987035,0.001,64,32,5000,ula,14
85568,10867136,-194.57349576869697,0.001,64,32,5000,ula,14
85600,10871200,-206.2485767610318,0.001,64,32,5000,ula,14
85632,10875264,-207.15978274827168,0.001,64,32,5000,ula,14
85664,10879328,-187.81974321356967,0.001,64,32,5000,ula,14
85696,10883392,-198.83405972039657,0.001,64,32,5000,ula,14
85728,10887456,-195.5804438636135,0.001,64,32,5000,ula,14
85760,10891520,-209.95662276309974,0.001,64,32,5000,ula,14
85792,10895584,-207.59678062937675,0.001,64,32,5000,ula,14
85824,10899648,-193.20397009596297,0.001,64,32,5000,ula,14
85856,10903712,-213.29376497602422,0.001,64,32,5000,ula,14
85888,10907776,-207.4101150523024,0.001,64,32,5000,ula,14
85920,10911840,-203.28580984434475,0.001,64,32,5000,ula,14
85952,10915904,-198.0470437772643,0.001,64,32,5000,ula,14
85984,10919968,-203.8698120114108,0.001,64,32,5000,ula,14
86016,10924032,-206.25701736357223,0.001,64,32,5000,ula,14
86048,10928096,-195.92505990572107,0.001,64,32,5000,ula,14
86080,10932160,-204.02732235564693,0.001,64,32,5000,ula,14
86112,10936224,-207.91318613293606,0.001,64,32,5000,ula,14
86144,10940288,-202.76530687565094,0.001,64,32,5000,ula,14
86176,10944352,-194.27210612912424,0.001,64,32,5000,ula,14
86208,10948416,-204.98042809681328,0.001,64,32,5000,ula,14
86240,10952480,-207.21251863931388,0.001,64,32,5000,ula,14
86272,10956544,-202.42823437148522,0.001,64,32,5000,ula,14
86304,10960608,-202.12720984600531,0.001,64,32,5000,ula,14
86336,10964672,-208.35127302833823,0.001,64,32,5000,ula,14
86368,10968736,-200.44791199629717,0.001,64,32,5000,ula,14
86400,10972800,-203.7238183299379,0.001,64,32,5000,ula,14
86432,10976864,-206.18693814929856,0.001,64,32,5000,ula,14
86464,10980928,-201.52647241760528,0.001,64,32,5000,ula,14
86496,10984992,-196.93886931796982,0.001,64,32,5000,ula,14
86528,10989056,-179.75378752321438,0.001,64,32,5000,ula,14
86560,10993120,-200.6984338654897,0.001,64,32,5000,ula,14
86592,10997184,-203.58375089079075,0.001,64,32,5000,ula,14
86624,11001248,-199.24713824274798,0.001,64,32,5000,ula,14
86656,11005312,-200.43077289097738,0.001,64,32,5000,ula,14
86688,11009376,-207.745247318339,0.001,64,32,5000,ula,14
86720,11013440,-204.5802817253399,0.001,64,32,5000,ula,14
86752,11017504,-207.92990219849602,0.001,64,32,5000,ula,14
86784,11021568,-198.58477509741635,0.001,64,32,5000,ula,14
86816,11025632,-201.28975148118937,0.001,64,32,5000,ula,14
86848,11029696,-202.1439075175903,0.001,64,32,5000,ula,14
86880,11033760,-194.44712370129318,0.001,64,32,5000,ula,14
86912,11037824,-207.95015345693406,0.001,64,32,5000,ula,14
86944,11041888,-192.36244545345602,0.001,64,32,5000,ula,14
86976,11045952,-192.13050515600955,0.001,64,32,5000,ula,14
87008,11050016,-201.83115501994507,0.001,64,32,5000,ula,14
87040,11054080,-206.28159279078224,0.001,64,32,5000,ula,14
87072,11058144,-197.53518409278283,0.001,64,32,5000,ula,14
87104,11062208,-188.83863837877666,0.001,64,32,5000,ula,14
87136,11066272,-193.271557614946,0.001,64,32,5000,ula,14
87168,11070336,-204.5057226322446,0.001,64,32,5000,ula,14
87200,11074400,-197.6348585041341,0.001,64,32,5000,ula,14
87232,11078464,-207.58584874408297,0.001,64,32,5000,ula,14
87264,11082528,-201.91528790851513,0.001,64,32,5000,ula,14
87296,11086592,-201.82453662997133,0.001,64,32,5000,ula,14
87328,11090656,-192.3162609041099,0.001,64,32,5000,ula,14
87360,11094720,-207.87024979360507,0.001,64,32,5000,ula,14
87392,11098784,-199.2777606388071,0.001,64,32,5000,ula,14
87424,11102848,-206.519085113184,0.001,64,32,5000,ula,14
87456,11106912,-204.53056724730888,0.001,64,32,5000,ula,14
87488,11110976,-200.75282146687874,0.001,64,32,5000,ula,14
87520,11115040,-207.30706101370922,0.001,64,32,5000,ula,14
87552,11119104,-207.71167314256698,0.001,64,32,5000,ula,14
87584,11123168,-201.19743472296997,0.001,64,32,5000,ula,14
87616,11127232,-210.84096628895693,0.001,64,32,5000,ula,14
87648,11131296,-200.46793761081219,0.001,64,32,5000,ula,14
87680,11135360,-202.4729533297657,0.001,64,32,5000,ula,14
87712,11139424,-201.0726661819613,0.001,64,32,5000,ula,14
87744,11143488,-198.8678376645327,0.001,64,32,5000,ula,14
87776,11147552,-198.27202937618833,0.001,64,32,5000,ula,14
87808,11151616,-201.96039503301708,0.001,64,32,5000,ula,14
87840,11155680,-196.2802072846233,0.001,64,32,5000,ula,14
87872,11159744,-203.1492558606168,0.001,64,32,5000,ula,14
87904,11163808,-195.75316614930878,0.001,64,32,5000,ula,14
87936,11167872,-196.97337117784417,0.001,64,32,5000,ula,14
87968,11171936,-199.3750605689602,0.001,64,32,5000,ula,14
88000,11176000,-208.75240145918727,0.001,64,32,5000,ula,14
88032,11180064,-203.46585570777694,0.001,64,32,5000,ula,14
88064,11184128,-191.15999373180685,0.001,64,32,5000,ula,14
88096,11188192,-198.6466700934193,0.001,64,32,5000,ula,14
88128,11192256,-202.9439088838593,0.001,64,32,5000,ula,14
88160,11196320,-204.0428828755566,0.001,64,32,5000,ula,14
88192,11200384,-197.71930794612499,0.001,64,32,5000,ula,14
88224,11204448,-199.35450193600366,0.001,64,32,5000,ula,14
88256,11208512,-196.84586624017646,0.001,64,32,5000,ula,14
88288,11212576,-206.15524577893783,0.001,64,32,5000,ula,14
88320,11216640,-206.0415320818577,0.001,64,32,5000,ula,14
88352,11220704,-204.6250453788148,0.001,64,32,5000,ula,14
88384,11224768,-203.57532174972565,0.001,64,32,5000,ula,14
88416,11228832,-200.35028051157002,0.001,64,32,5000,ula,14
88448,11232896,-198.248974611468,0.001,64,32,5000,ula,14
88480,11236960,-205.00318893755565,0.001,64,32,5000,ula,14
88512,11241024,-205.56700743823265,0.001,64,32,5000,ula,14
88544,11245088,-195.62458470913873,0.001,64,32,5000,ula,14
88576,11249152,-206.3837974569851,0.001,64,32,5000,ula,14
88608,11253216,-198.59653743221017,0.001,64,32,5000,ula,14
88640,11257280,-202.89724874617548,0.001,64,32,5000,ula,14
88672,11261344,-200.7638113363684,0.001,64,32,5000,ula,14
88704,11265408,-206.2391747866778,0.001,64,32,5000,ula,14
88736,11269472,-198.78276729984108,0.001,64,32,5000,ula,14
88768,11273536,-202.0162964001162,0.001,64,32,5000,ula,14
88800,11277600,-200.22659439386436,0.001,64,32,5000,ula,14
88832,11281664,-201.5516342496477,0.001,64,32,5000,ula,14
88864,11285728,-200.02677409173586,0.001,64,32,5000,ula,14
88896,11289792,-194.9480372873398,0.001,64,32,5000,ula,14
88928,11293856,-206.40815336489473,0.001,64,32,5000,ula,14
88960,11297920,-185.32356635762042,0.001,64,32,5000,ula,14
88992,11301984,-206.91126625435308,0.001,64,32,5000,ula,14
89024,11306048,-195.21996879742403,0.001,64,32,5000,ula,14
89056,11310112,-205.22513198932344,0.001,64,32,5000,ula,14
89088,11314176,-201.31883326023558,0.001,64,32,5000,ula,14
89120,11318240,-206.58106630045123,0.001,64,32,5000,ula,14
89152,11322304,-200.7695652113632,0.001,64,32,5000,ula,14
89184,11326368,-200.6662175349125,0.001,64,32,5000,ula,14
89216,11330432,-204.7497574197675,0.001,64,32,5000,ula,14
89248,11334496,-193.5866316245255,0.001,64,32,5000,ula,14
89280,11338560,-201.31505376023935,0.001,64,32,5000,ula,14
89312,11342624,-196.80150388542629,0.001,64,32,5000,ula,14
89344,11346688,-190.55046827431465,0.001,64,32,5000,ula,14
89376,11350752,-201.89145760937507,0.001,64,32,5000,ula,14
89408,11354816,-203.9304550069175,0.001,64,32,5000,ula,14
89440,11358880,-199.46247064215757,0.001,64,32,5000,ula,14
89472,11362944,-201.98467141859385,0.001,64,32,5000,ula,14
89504,11367008,-203.86232984439135,0.001,64,32,5000,ula,14
89536,11371072,-200.89378799712478,0.001,64,32,5000,ula,14
89568,11375136,-208.22300296599897,0.001,64,32,5000,ula,14
89600,11379200,-196.14429728574993,0.001,64,32,5000,ula,14
89632,11383264,-198.95707042310374,0.001,64,32,5000,ula,14
89664,11387328,-200.33445131028824,0.001,64,32,5000,ula,14
89696,11391392,-205.83436075702275,0.001,64,32,5000,ula,14
89728,11395456,-197.093369169318,0.001,64,32,5000,ula,14
89760,11399520,-200.24718900573723,0.001,64,32,5000,ula,14
89792,11403584,-197.7905745587952,0.001,64,32,5000,ula,14
89824,11407648,-195.91962860342292,0.001,64,32,5000,ula,14
89856,11411712,-183.14236019871703,0.001,64,32,5000,ula,14
89888,11415776,-195.67313700760994,0.001,64,32,5000,ula,14
89920,11419840,-198.18513978789818,0.001,64,32,5000,ula,14
89952,11423904,-202.79290518751216,0.001,64,32,5000,ula,14
89984,11427968,-198.99935392788663,0.001,64,32,5000,ula,14
90016,11432032,-197.11311537493557,0.001,64,32,5000,ula,14
90048,11436096,-185.3985563129931,0.001,64,32,5000,ula,14
90080,11440160,-198.94699772027906,0.001,64,32,5000,ula,14
90112,11444224,-205.17091292411322,0.001,64,32,5000,ula,14
90144,11448288,-199.47816411723713,0.001,64,32,5000,ula,14
90176,11452352,-188.9455240008784,0.001,64,32,5000,ula,14
90208,11456416,-204.3289089207227,0.001,64,32,5000,ula,14
90240,11460480,-203.72024033074055,0.001,64,32,5000,ula,14
90272,11464544,-205.90622528989738,0.001,64,32,5000,ula,14
90304,11468608,-195.31955430300505,0.001,64,32,5000,ula,14
90336,11472672,-207.76405681428722,0.001,64,32,5000,ula,14
90368,11476736,-193.3879400676681,0.001,64,32,5000,ula,14
90400,11480800,-202.533845702469,0.001,64,32,5000,ula,14
90432,11484864,-202.6336056494532,0.001,64,32,5000,ula,14
90464,11488928,-206.51015509260426,0.001,64,32,5000,ula,14
90496,11492992,-193.45277305323714,0.001,64,32,5000,ula,14
90528,11497056,-204.4058004696315,0.001,64,32,5000,ula,14
90560,11501120,-201.0507836383498,0.001,64,32,5000,ula,14
90592,11505184,-196.08797562240318,0.001,64,32,5000,ula,14
90624,11509248,-199.06439746641323,0.001,64,32,5000,ula,14
90656,11513312,-193.29469106054813,0.001,64,32,5000,ula,14
90688,11517376,-199.98848400642476,0.001,64,32,5000,ula,14
90720,11521440,-201.15770991156703,0.001,64,32,5000,ula,14
90752,11525504,-198.62168810961762,0.001,64,32,5000,ula,14
90784,11529568,-187.81836036919543,0.001,64,32,5000,ula,14
90816,11533632,-204.76830206688763,0.001,64,32,5000,ula,14
90848,11537696,-206.01753435676554,0.001,64,32,5000,ula,14
90880,11541760,-196.27400820331704,0.001,64,32,5000,ula,14
90912,11545824,-194.48433129556707,0.001,64,32,5000,ula,14
90944,11549888,-194.7702965230942,0.001,64,32,5000,ula,14
90976,11553952,-197.98100142849518,0.001,64,32,5000,ula,14
91008,11558016,-193.41317840091892,0.001,64,32,5000,ula,14
91040,11562080,-202.37446195607544,0.001,64,32,5000,ula,14
91072,11566144,-192.65667395540305,0.001,64,32,5000,ula,14
91104,11570208,-203.3802172955048,0.001,64,32,5000,ula,14
91136,11574272,-194.43330360952842,0.001,64,32,5000,ula,14
91168,11578336,-197.19208595664338,0.001,64,32,5000,ula,14
91200,11582400,-203.4339370913923,0.001,64,32,5000,ula,14
91232,11586464,-195.29218651331792,0.001,64,32,5000,ula,14
91264,11590528,-203.16203763859502,0.001,64,32,5000,ula,14
91296,11594592,-203.0124572935004,0.001,64,32,5000,ula,14
91328,11598656,-206.76887594245008,0.001,64,32,5000,ula,14
91360,11602720,-203.71380267648502,0.001,64,32,5000,ula,14
91392,11606784,-200.0875606591841,0.001,64,32,5000,ula,14
91424,11610848,-203.38906294992088,0.001,64,32,5000,ula,14
91456,11614912,-196.45111962317927,0.001,64,32,5000,ula,14
91488,11618976,-198.8209790743607,0.001,64,32,5000,ula,14
91520,11623040,-204.53100594915543,0.001,64,32,5000,ula,14
91552,11627104,-193.53543179741922,0.001,64,32,5000,ula,14
91584,11631168,-199.87971982176467,0.001,64,32,5000,ula,14
91616,11635232,-195.63004067966008,0.001,64,32,5000,ula,14
91648,11639296,-189.81979429882648,0.001,64,32,5000,ula,14
91680,11643360,-192.85105508695915,0.001,64,32,5000,ula,14
91712,11647424,-200.78110990386054,0.001,64,32,5000,ula,14
91744,11651488,-199.89627266969308,0.001,64,32,5000,ula,14
91776,11655552,-198.78199672271327,0.001,64,32,5000,ula,14
91808,11659616,-203.61698279836264,0.001,64,32,5000,ula,14
91840,11663680,-204.93193926585738,0.001,64,32,5000,ula,14
91872,11667744,-190.86424590982824,0.001,64,32,5000,ula,14
91904,11671808,-192.4950970633685,0.001,64,32,5000,ula,14
91936,11675872,-205.84623911852054,0.001,64,32,5000,ula,14
91968,11679936,-205.8780002308455,0.001,64,32,5000,ula,14
92000,11684000,-185.07967419668825,0.001,64,32,5000,ula,14
92032,11688064,-194.7313060641656,0.001,64,32,5000,ula,14
92064,11692128,-190.28339057927022,0.001,64,32,5000,ula,14
92096,11696192,-196.72605888808158,0.001,64,32,5000,ula,14
92128,11700256,-189.19669203363387,0.001,64,32,5000,ula,14
92160,11704320,-200.4357018074114,0.001,64,32,5000,ula,14
92192,11708384,-204.18361324927136,0.001,64,32,5000,ula,14
92224,11712448,-202.0910592852636,0.001,64,32,5000,ula,14
92256,11716512,-200.80936010753177,0.001,64,32,5000,ula,14
92288,11720576,-200.32481683449225,0.001,64,32,5000,ula,14
92320,11724640,-200.24855663106652,0.001,64,32,5000,ula,14
92352,11728704,-193.04270424872917,0.001,64,32,5000,ula,14
92384,11732768,-195.71209628200492,0.001,64,32,5000,ula,14
92416,11736832,-195.995251259095,0.001,64,32,5000,ula,14
92448,11740896,-198.06221062661115,0.001,64,32,5000,ula,14
92480,11744960,-203.06564198899557,0.001,64,32,5000,ula,14
92512,11749024,-194.77816135818804,0.001,64,32,5000,ula,14
92544,11753088,-186.80070353928605,0.001,64,32,5000,ula,14
92576,11757152,-199.4606502071234,0.001,64,32,5000,ula,14
92608,11761216,-191.44273358554938,0.001,64,32,5000,ula,14
92640,11765280,-198.06789011784264,0.001,64,32,5000,ula,14
92672,11769344,-199.57334022707116,0.001,64,32,5000,ula,14
92704,11773408,-202.89988288432065,0.001,64,32,5000,ula,14
92736,11777472,-204.9777699417256,0.001,64,32,5000,ula,14
92768,11781536,-188.62754954858835,0.001,64,32,5000,ula,14
92800,11785600,-195.18273517751936,0.001,64,32,5000,ula,14
92832,11789664,-199.32345709135305,0.001,64,32,5000,ula,14
92864,11793728,-203.75329421042073,0.001,64,32,5000,ula,14
92896,11797792,-200.79579790106715,0.001,64,32,5000,ula,14
92928,11801856,-198.48438548024808,0.001,64,32,5000,ula,14
92960,11805920,-203.69413216688312,0.001,64,32,5000,ula,14
92992,11809984,-184.18954832516482,0.001,64,32,5000,ula,14
93024,11814048,-191.23534655151525,0.001,64,32,5000,ula,14
93056,11818112,-192.70104760445642,0.001,64,32,5000,ula,14
93088,11822176,-202.42306756562883,0.001,64,32,5000,ula,14
93120,11826240,-190.25285028887865,0.001,64,32,5000,ula,14
93152,11830304,-192.17108576070385,0.001,64,32,5000,ula,14
93184,11834368,-188.46478155978352,0.001,64,32,5000,ula,14
93216,11838432,-197.33308335974274,0.001,64,32,5000,ula,14
93248,11842496,-194.16553032216316,0.001,64,32,5000,ula,14
93280,11846560,-199.71288515024943,0.001,64,32,5000,ula,14
93312,11850624,-197.51726302373902,0.001,64,32,5000,ula,14
93344,11854688,-197.9098884780172,0.001,64,32,5000,ula,14
93376,11858752,-192.58291435123311,0.001,64,32,5000,ula,14
93408,11862816,-200.44044835906402,0.001,64,32,5000,ula,14
93440,11866880,-201.59817946159586,0.001,64,32,5000,ula,14
93472,11870944,-190.77798663825502,0.001,64,32,5000,ula,14
93504,11875008,-191.03145570834346,0.001,64,32,5000,ula,14
93536,11879072,-198.54514694946047,0.001,64,32,5000,ula,14
93568,11883136,-202.70149292374006,0.001,64,32,5000,ula,14
93600,11887200,-206.18200608152762,0.001,64,32,5000,ula,14
93632,11891264,-198.66685081444092,0.001,64,32,5000,ula,14
93664,11895328,-200.55944874040267,0.001,64,32,5000,ula,14
93696,11899392,-198.8138820910943,0.001,64,32,5000,ula,14
93728,11903456,-201.10744452720635,0.001,64,32,5000,ula,14
93760,11907520,-196.12982334333606,0.001,64,32,5000,ula,14
93792,11911584,-203.72459526109208,0.001,64,32,5000,ula,14
93824,11915648,-196.98424167794005,0.001,64,32,5000,ula,14
93856,11919712,-197.396996696028,0.001,64,32,5000,ula,14
93888,11923776,-198.46157656758058,0.001,64,32,5000,ula,14
93920,11927840,-203.86935851749095,0.001,64,32,5000,ula,14
93952,11931904,-200.8884148228039,0.001,64,32,5000,ula,14
93984,11935968,-194.56281724066392,0.001,64,32,5000,ula,14
94016,11940032,-196.5656452286968,0.001,64,32,5000,ula,14
94048,11944096,-190.70510503256745,0.001,64,32,5000,ula,14
94080,11948160,-199.57007795458713,0.001,64,32,5000,ula,14
94112,11952224,-191.62354282852849,0.001,64,32,5000,ula,14
94144,11956288,-190.00981038487856,0.001,64,32,5000,ula,14
94176,11960352,-196.6121914842131,0.001,64,32,5000,ula,14
94208,11964416,-199.20198486443596,0.001,64,32,5000,ula,14
94240,11968480,-202.01922189631213,0.001,64,32,5000,ula,14
94272,11972544,-195.13893710184652,0.001,64,32,5000,ula,14
94304,11976608,-201.2291607712172,0.001,64,32,5000,ula,14
94336,11980672,-201.59295619890102,0.001,64,32,5000,ula,14
94368,11984736,-198.2252296905501,0.001,64,32,5000,ula,14
94400,11988800,-203.0638594639475,0.001,64,32,5000,ula,14
94432,11992864,-190.64092557887628,0.001,64,32,5000,ula,14
94464,11996928,-200.1601608157598,0.001,64,32,5000,ula,14
94496,12000992,-201.45951608551803,0.001,64,32,5000,ula,14
94528,12005056,-200.30795929177586,0.001,64,32,5000,ula,14
94560,12009120,-206.97456325049595,0.001,64,32,5000,ula,14
94592,12013184,-200.21246319382206,0.001,64,32,5000,ula,14
94624,12017248,-189.1970166683816,0.001,64,32,5000,ula,14
94656,12021312,-198.97366526465282,0.001,64,32,5000,ula,14
94688,12025376,-205.9830528490181,0.001,64,32,5000,ula,14
94720,12029440,-194.8918930262816,0.001,64,32,5000,ula,14
94752,12033504,-202.95313693150837,0.001,64,32,5000,ula,14
94784,12037568,-196.67748734633528,0.001,64,32,5000,ula,14
94816,12041632,-196.26464526226601,0.001,64,32,5000,ula,14
94848,12045696,-184.87725693603247,0.001,64,32,5000,ula,14
94880,12049760,-199.39188753755695,0.001,64,32,5000,ula,14
94912,12053824,-197.7913269654826,0.001,64,32,5000,ula,14
94944,12057888,-202.63066881322564,0.001,64,32,5000,ula,14
94976,12061952,-198.66316158739698,0.001,64,32,5000,ula,14
95008,12066016,-194.13384841960328,0.001,64,32,5000,ula,14
95040,12070080,-200.63081591764848,0.001,64,32,5000,ula,14
95072,12074144,-196.6484898714512,0.001,64,32,5000,ula,14
95104,12078208,-198.20116704144917,0.001,64,32,5000,ula,14
95136,12082272,-198.88923257676518,0.001,64,32,5000,ula,14
95168,12086336,-196.51787926540052,0.001,64,32,5000,ula,14
95200,12090400,-194.91406331623668,0.001,64,32,5000,ula,14
95232,12094464,-194.96080991378318,0.001,64,32,5000,ula,14
95264,12098528,-189.45552253046478,0.001,64,32,5000,ula,14
95296,12102592,-205.48211337026305,0.001,64,32,5000,ula,14
95328,12106656,-194.8496067775004,0.001,64,32,5000,ula,14
95360,12110720,-197.2926100166323,0.001,64,32,5000,ula,14
95392,12114784,-200.8674906108215,0.001,64,32,5000,ula,14
95424,12118848,-199.10198675004904,0.001,64,32,5000,ula,14
95456,12122912,-202.68325029961485,0.001,64,32,5000,ula,14
95488,12126976,-191.62162421718233,0.001,64,32,5000,ula,14
95520,12131040,-198.16723831814892,0.001,64,32,5000,ula,14
95552,12135104,-199.37240120559352,0.001,64,32,5000,ula,14
95584,12139168,-196.3575348253994,0.001,64,32,5000,ula,14
95616,12143232,-199.06063940344052,0.001,64,32,5000,ula,14
95648,12147296,-196.28061737344305,0.001,64,32,5000,ula,14
95680,12151360,-196.03609328085895,0.001,64,32,5000,ula,14
95712,12155424,-198.02409348274486,0.001,64,32,5000,ula,14
95744,12159488,-196.91912133361407,0.001,64,32,5000,ula,14
95776,12163552,-194.04847126508895,0.001,64,32,5000,ula,14
95808,12167616,-189.17306017465722,0.001,64,32,5000,ula,14
95840,12171680,-194.22209910135967,0.001,64,32,5000,ula,14
95872,12175744,-187.32256766065467,0.001,64,32,5000,ula,14
95904,12179808,-186.24087313879377,0.001,64,32,5000,ula,14
95936,12183872,-194.28919752922752,0.001,64,32,5000,ula,14
95968,12187936,-186.79777055257767,0.001,64,32,5000,ula,14
96000,12192000,-192.338105036427,0.001,64,32,5000,ula,14
96032,12196064,-191.09236974484864,0.001,64,32,5000,ula,14
96064,12200128,-201.19908614781866,0.001,64,32,5000,ula,14
96096,12204192,-197.647716084656,0.001,64,32,5000,ula,14
96128,12208256,-201.59608158306332,0.001,64,32,5000,ula,14
96160,12212320,-194.62971961392705,0.001,64,32,5000,ula,14
96192,12216384,-199.6451501166813,0.001,64,32,5000,ula,14
96224,12220448,-192.41334758627914,0.001,64,32,5000,ula,14
96256,12224512,-187.93936646867687,0.001,64,32,5000,ula,14
96288,12228576,-196.7839748318199,0.001,64,32,5000,ula,14
96320,12232640,-191.99404747375056,0.001,64,32,5000,ula,14
96352,12236704,-196.40687058990147,0.001,64,32,5000,ula,14
96384,12240768,-198.62328968496476,0.001,64,32,5000,ula,14
96416,12244832,-202.7563933237335,0.001,64,32,5000,ula,14
96448,12248896,-199.0441180558052,0.001,64,32,5000,ula,14
96480,12252960,-196.78280285719123,0.001,64,32,5000,ula,14
96512,12257024,-191.28385482062535,0.001,64,32,5000,ula,14
96544,12261088,-183.8610217533257,0.001,64,32,5000,ula,14
96576,12265152,-199.03289749863305,0.001,64,32,5000,ula,14
96608,12269216,-196.01125277502487,0.001,64,32,5000,ula,14
96640,12273280,-196.89581628859196,0.001,64,32,5000,ula,14
96672,12277344,-181.56159453388142,0.001,64,32,5000,ula,14
96704,12281408,-193.74340675722073,0.001,64,32,5000,ula,14
96736,12285472,-190.80185947975951,0.001,64,32,5000,ula,14
96768,12289536,-198.90591649848548,0.001,64,32,5000,ula,14
96800,12293600,-191.04276386398718,0.001,64,32,5000,ula,14
96832,12297664,-203.57880792849755,0.001,64,32,5000,ula,14
96864,12301728,-190.78879554928022,0.001,64,32,5000,ula,14
96896,12305792,-196.3708681468874,0.001,64,32,5000,ula,14
96928,12309856,-195.5287965661732,0.001,64,32,5000,ula,14
96960,12313920,-195.51196385153017,0.001,64,32,5000,ula,14
96992,12317984,-198.17953188358885,0.001,64,32,5000,ula,14
97024,12322048,-198.27809255891097,0.001,64,32,5000,ula,14
97056,12326112,-199.96720937754293,0.001,64,32,5000,ula,14
97088,12330176,-196.10407346225568,0.001,64,32,5000,ula,14
97120,12334240,-188.53909359040048,0.001,64,32,5000,ula,14
97152,12338304,-196.8935664462667,0.001,64,32,5000,ula,14
97184,12342368,-201.11927511394194,0.001,64,32,5000,ula,14
97216,12346432,-193.06348911692814,0.001,64,32,5000,ula,14
97248,12350496,-202.8217145204977,0.001,64,32,5000,ula,14
97280,12354560,-197.76706216758419,0.001,64,32,5000,ula,14
97312,12358624,-191.18981204482424,0.001,64,32,5000,ula,14
97344,12362688,-197.32607411192677,0.001,64,32,5000,ula,14
97376,12366752,-196.21624070509742,0.001,64,32,5000,ula,14
97408,12370816,-192.76719863732205,0.001,64,32,5000,ula,14
97440,12374880,-185.9958076597814,0.001,64,32,5000,ula,14
97472,12378944,-202.90139698342654,0.001,64,32,5000,ula,14
97504,12383008,-197.8824464925212,0.001,64,32,5000,ula,14
97536,12387072,-193.64449014322884,0.001,64,32,5000,ula,14
97568,12391136,-196.20193814858936,0.001,64,32,5000,ula,14
97600,12395200,-198.43957539680875,0.001,64,32,5000,ula,14
97632,12399264,-199.34848324755328,0.001,64,32,5000,ula,14
97664,12403328,-188.52481831709244,0.001,64,32,5000,ula,14
97696,12407392,-198.6411693693592,0.001,64,32,5000,ula,14
97728,12411456,-196.71437879617034,0.001,64,32,5000,ula,14
97760,12415520,-198.1858011266321,0.001,64,32,5000,ula,14
97792,12419584,-187.7132303528903,0.001,64,32,5000,ula,14
97824,12423648,-197.90647863652833,0.001,64,32,5000,ula,14
97856,12427712,-195.96685431399294,0.001,64,32,5000,ula,14
97888,12431776,-195.8953827701997,0.001,64,32,5000,ula,14
97920,12435840,-186.1557776046967,0.001,64,32,5000,ula,14
97952,12439904,-193.23424595515723,0.001,64,32,5000,ula,14
97984,12443968,-188.04528684529546,0.001,64,32,5000,ula,14
98016,12448032,-187.21157064147945,0.001,64,32,5000,ula,14
98048,12452096,-197.57848907805067,0.001,64,32,5000,ula,14
98080,12456160,-199.25242483069968,0.001,64,32,5000,ula,14
98112,12460224,-200.97055030399525,0.001,64,32,5000,ula,14
98144,12464288,-203.48239845900792,0.001,64,32,5000,ula,14
98176,12468352,-192.63578218713934,0.001,64,32,5000,ula,14
98208,12472416,-198.29836831474734,0.001,64,32,5000,ula,14
98240,12476480,-200.2112112382315,0.001,64,32,5000,ula,14
98272,12480544,-202.06392048646782,0.001,64,32,5000,ula,14
98304,12484608,-195.9541500970236,0.001,64,32,5000,ula,14
98336,12488672,-196.38158131088252,0.001,64,32,5000,ula,14
98368,12492736,-203.1033845784855,0.001,64,32,5000,ula,14
98400,12496800,-190.729831153244,0.001,64,32,5000,ula,14
98432,12500864,-187.60299177667395,0.001,64,32,5000,ula,14
98464,12504928,-193.74978453597373,0.001,64,32,5000,ula,14
98496,12508992,-199.88801352895172,0.001,64,32,5000,ula,14
98528,12513056,-200.7874677679945,0.001,64,32,5000,ula,14
98560,12517120,-196.96839796539183,0.001,64,32,5000,ula,14
98592,12521184,-192.25560198336603,0.001,64,32,5000,ula,14
98624,12525248,-192.22741697087463,0.001,64,32,5000,ula,14
98656,12529312,-195.99072122243112,0.001,64,32,5000,ula,14
98688,12533376,-192.4133886458219,0.001,64,32,5000,ula,14
98720,12537440,-191.40470764637234,0.001,64,32,5000,ula,14
98752,12541504,-186.8764449367267,0.001,64,32,5000,ula,14
98784,12545568,-200.40986460952521,0.001,64,32,5000,ula,14
98816,12549632,-201.82686367085577,0.001,64,32,5000,ula,14
98848,12553696,-191.964729042876,0.001,64,32,5000,ula,14
98880,12557760,-200.44744904577246,0.001,64,32,5000,ula,14
98912,12561824,-197.1576702405989,0.001,64,32,5000,ula,14
98944,12565888,-201.53447598063178,0.001,64,32,5000,ula,14
98976,12569952,-199.68337290825335,0.001,64,32,5000,ula,14
99008,12574016,-202.61567939441935,0.001,64,32,5000,ula,14
99040,12578080,-191.41145020056922,0.001,64,32,5000,ula,14
99072,12582144,-193.82043866735216,0.001,64,32,5000,ula,14
99104,12586208,-201.68382504361045,0.001,64,32,5000,ula,14
99136,12590272,-200.73301130717053,0.001,64,32,5000,ula,14
99168,12594336,-193.2609474276688,0.001,64,32,5000,ula,14
99200,12598400,-186.19734902741766,0.001,64,32,5000,ula,14
99232,12602464,-195.36596086889284,0.001,64,32,5000,ula,14
99264,12606528,-192.1110644234065,0.001,64,32,5000,ula,14
99296,12610592,-196.62717493887268,0.001,64,32,5000,ula,14
99328,12614656,-196.87705859244056,0.001,64,32,5000,ula,14
99360,12618720,-191.0478859382838,0.001,64,32,5000,ula,14
99392,12622784,-188.10581173725524,0.001,64,32,5000,ula,14
99424,12626848,-196.0779821619727,0.001,64,32,5000,ula,14
99456,12630912,-195.8741903439695,0.001,64,32,5000,ula,14
99488,12634976,-196.04545837180865,0.001,64,32,5000,ula,14
99520,12639040,-200.03535024290184,0.001,64,32,5000,ula,14
99552,12643104,-193.22361037354483,0.001,64,32,5000,ula,14
99584,12647168,-198.34089478741353,0.001,64,32,5000,ula,14
99616,12651232,-195.47382758350537,0.001,64,32,5000,ula,14
99648,12655296,-194.41723784100765,0.001,64,32,5000,ula,14
99680,12659360,-186.94639577683833,0.001,64,32,5000,ula,14
99712,12663424,-190.95453297487816,0.001,64,32,5000,ula,14
99744,12667488,-197.13159201463463,0.001,64,32,5000,ula,14
99776,12671552,-195.4675710206105,0.001,64,32,5000,ula,14
99808,12675616,-192.95434570339506,0.001,64,32,5000,ula,14
99840,12679680,-199.32000386899105,0.001,64,32,5000,ula,14
99872,12683744,-189.92245301361527,0.001,64,32,5000,ula,14
99904,12687808,-195.20794750801514,0.001,64,32,5000,ula,14
99936,12691872,-195.23115942126026,0.001,64,32,5000,ula,14
99968,12695936,-188.0171626097964,0.001,64,32,5000,ula,14
100000,12700000,-198.70211910014862,0.001,64,32,5000,ula,14
100032,12704064,-200.63434890940366,0.001,64,32,5000,ula,14
100064,12708128,-178.01457295242187,0.001,64,32,5000,ula,14
100096,12712192,-192.93168049880487,0.001,64,32,5000,ula,14
100128,12716256,-194.93739767723127,0.001,64,32,5000,ula,14
100160,12720320,-186.6207430656795,0.001,64,32,5000,ula,14
100192,12724384,-198.44850127512024,0.001,64,32,5000,ula,14
100224,12728448,-188.04610356158554,0.001,64,32,5000,ula,14
100256,12732512,-198.64751621277222,0.001,64,32,5000,ula,14
100288,12736576,-199.46656588735203,0.001,64,32,5000,ula,14
100320,12740640,-187.53492072793827,0.001,64,32,5000,ula,14
100352,12744704,-199.57838056019818,0.001,64,32,5000,ula,14
100384,12748768,-186.19395035301534,0.001,64,32,5000,ula,14
100416,12752832,-192.300516080493,0.001,64,32,5000,ula,14
100448,12756896,-198.40052762784566,0.001,64,32,5000,ula,14
100480,12760960,-194.5718476128967,0.001,64,32,5000,ula,14
100512,12765024,-195.39881204410943,0.001,64,32,5000,ula,14
100544,12769088,-190.0501350613659,0.001,64,32,5000,ula,14
100576,12773152,-183.4376518538616,0.001,64,32,5000,ula,14
100608,12777216,-191.95773050163987,0.001,64,32,5000,ula,14
100640,12781280,-200.22750511523483,0.001,64,32,5000,ula,14
100672,12785344,-193.73699337321332,0.001,64,32,5000,ula,14
100704,12789408,-196.9241359215569,0.001,64,32,5000,ula,14
100736,12793472,-202.32227346720612,0.001,64,32,5000,ula,14
100768,12797536,-195.55784580938854,0.001,64,32,5000,ula,14
100800,12801600,-182.0586411996393,0.001,64,32,5000,ula,14
100832,12805664,-197.74310144831668,0.001,64,32,5000,ula,14
100864,12809728,-194.68738789591802,0.001,64,32,5000,ula,14
100896,12813792,-194.77558385650678,0.001,64,32,5000,ula,14
100928,12817856,-195.58137497839914,0.001,64,32,5000,ula,14
100960,12821920,-197.90269535352837,0.001,64,32,5000,ula,14
100992,12825984,-197.7476460575103,0.001,64,32,5000,ula,14
101024,12830048,-189.70747673373282,0.001,64,32,5000,ula,14
101056,12834112,-196.1595448293634,0.001,64,32,5000,ula,14
101088,12838176,-187.24710454991202,0.001,64,32,5000,ula,14
101120,12842240,-197.0352780564307,0.001,64,32,5000,ula,14
101152,12846304,-197.56226163271714,0.001,64,32,5000,ula,14
101184,12850368,-201.40917994714826,0.001,64,32,5000,ula,14
101216,12854432,-201.17994575132275,0.001,64,32,5000,ula,14
101248,12858496,-197.56428525152145,0.001,64,32,5000,ula,14
101280,12862560,-186.9086767488782,0.001,64,32,5000,ula,14
101312,12866624,-202.72090123218842,0.001,64,32,5000,ula,14
101344,12870688,-201.68152856833458,0.001,64,32,5000,ula,14
101376,12874752,-193.89222243833007,0.001,64,32,5000,ula,14
101408,12878816,-191.09765014019942,0.001,64,32,5000,ula,14
101440,12882880,-195.59270088936017,0.001,64,32,5000,ula,14
101472,12886944,-193.6253592926915,0.001,64,32,5000,ula,14
101504,12891008,-200.48902457810905,0.001,64,32,5000,ula,14
101536,12895072,-189.38202131770643,0.001,64,32,5000,ula,14
101568,12899136,-194.550080077452,0.001,64,32,5000,ula,14
101600,12903200,-190.8786179405554,0.001,64,32,5000,ula,14
101632,12907264,-194.22438907666208,0.001,64,32,5000,ula,14
101664,12911328,-196.97809059456284,0.001,64,32,5000,ula,14
101696,12915392,-184.04870224842264,0.001,64,32,5000,ula,14
101728,12919456,-196.77101633035693,0.001,64,32,5000,ula,14
101760,12923520,-199.7817327121487,0.001,64,32,5000,ula,14
101792,12927584,-197.7765276546723,0.001,64,32,5000,ula,14
101824,12931648,-197.42505764957554,0.001,64,32,5000,ula,14
101856,12935712,-194.59119755620546,0.001,64,32,5000,ula,14
101888,12939776,-187.875612401767,0.001,64,32,5000,ula,14
101920,12943840,-184.26861298867618,0.001,64,32,5000,ula,14
101952,12947904,-189.7667560718194,0.001,64,32,5000,ula,14
101984,12951968,-190.79594461977783,0.001,64,32,5000,ula,14
102016,12956032,-195.98931220609842,0.001,64,32,5000,ula,14
102048,12960096,-192.5578149165071,0.001,64,32,5000,ula,14
102080,12964160,-183.4232731147527,0.001,64,32,5000,ula,14
102112,12968224,-203.02440844604138,0.001,64,32,5000,ula,14
102144,12972288,-188.60480570229512,0.001,64,32,5000,ula,14
102176,12976352,-194.2017219449751,0.001,64,32,5000,ula,14
102208,12980416,-195.8991588618282,0.001,64,32,5000,ula,14
102240,12984480,-196.27669762282915,0.001,64,32,5000,ula,14
102272,12988544,-200.43579320285298,0.001,64,32,5000,ula,14
102304,12992608,-196.87226249516596,0.001,64,32,5000,ula,14
102336,12996672,-202.44998526446489,0.001,64,32,5000,ula,14
102368,13000736,-195.94361093413104,0.001,64,32,5000,ula,14
102400,13004800,-192.73026478237782,0.001,64,32,5000,ula,14
102432,13008864,-201.71872065038036,0.001,64,32,5000,ula,14
102464,13012928,-196.35944188577008,0.001,64,32,5000,ula,14
102496,13016992,-197.61530425240156,0.001,64,32,5000,ula,14
102528,13021056,-191.00657769590532,0.001,64,32,5000,ula,14
102560,13025120,-199.10263429278024,0.001,64,32,5000,ula,14
102592,13029184,-183.6016213718606,0.001,64,32,5000,ula,14
102624,13033248,-198.23805560975833,0.001,64,32,5000,ula,14
102656,13037312,-192.21811208776325,0.001,64,32,5000,ula,14
102688,13041376,-197.07981183306975,0.001,64,32,5000,ula,14
102720,13045440,-198.5926076135446,0.001,64,32,5000,ula,14
102752,13049504,-189.3562549724668,0.001,64,32,5000,ula,14
102784,13053568,-186.16943652469664,0.001,64,32,5000,ula,14
102816,13057632,-192.84658111933715,0.001,64,32,5000,ula,14
102848,13061696,-195.31525160409424,0.001,64,32,5000,ula,14
102880,13065760,-199.135788453784,0.001,64,32,5000,ula,14
102912,13069824,-189.06358049513776,0.001,64,32,5000,ula,14
102944,13073888,-194.49011591899188,0.001,64,32,5000,ula,14
102976,13077952,-192.98155478819174,0.001,64,32,5000,ula,14
103008,13082016,-192.79736491297086,0.001,64,32,5000,ula,14
103040,13086080,-188.9601012073228,0.001,64,32,5000,ula,14
103072,13090144,-199.49620616460382,0.001,64,32,5000,ula,14
103104,13094208,-189.70258818603347,0.001,64,32,5000,ula,14
103136,13098272,-194.428807455572,0.001,64,32,5000,ula,14
103168,13102336,-191.15400419192522,0.001,64,32,5000,ula,14
103200,13106400,-197.57547734967352,0.001,64,32,5000,ula,14
103232,13110464,-191.86686058854502,0.001,64,32,5000,ula,14
103264,13114528,-202.36589606682045,0.001,64,32,5000,ula,14
103296,13118592,-190.7006620022763,0.001,64,32,5000,ula,14
103328,13122656,-200.99498742851134,0.001,64,32,5000,ula,14
103360,13126720,-190.81296182003143,0.001,64,32,5000,ula,14
103392,13130784,-200.45707248310137,0.001,64,32,5000,ula,14
103424,13134848,-188.0394807622637,0.001,64,32,5000,ula,14
103456,13138912,-193.4868523228689,0.001,64,32,5000,ula,14
103488,13142976,-199.32425920735542,0.001,64,32,5000,ula,14
103520,13147040,-184.94704513083735,0.001,64,32,5000,ula,14
103552,13151104,-196.81726679349214,0.001,64,32,5000,ula,14
103584,13155168,-198.09052879135447,0.001,64,32,5000,ula,14
103616,13159232,-194.83487963335855,0.001,64,32,5000,ula,14
103648,13163296,-197.68588312757794,0.001,64,32,5000,ula,14
103680,13167360,-188.89334506697338,0.001,64,32,5000,ula,14
103712,13171424,-197.5144381721056,0.001,64,32,5000,ula,14
103744,13175488,-187.24310329120107,0.001,64,32,5000,ula,14
103776,13179552,-198.95323014455735,0.001,64,32,5000,ula,14
103808,13183616,-184.4990767852241,0.001,64,32,5000,ula,14
103840,13187680,-201.70175096748596,0.001,64,32,5000,ula,14
103872,13191744,-192.62417905019046,0.001,64,32,5000,ula,14
103904,13195808,-196.45067499107031,0.001,64,32,5000,ula,14
103936,13199872,-190.42646463265876,0.001,64,32,5000,ula,14
103968,13203936,-198.74305903568626,0.001,64,32,5000,ula,14
104000,13208000,-198.04891018992765,0.001,64,32,5000,ula,14
104032,13212064,-188.8151304457783,0.001,64,32,5000,ula,14
104064,13216128,-186.94977544612217,0.001,64,32,5000,ula,14
104096,13220192,-192.31920952900347,0.001,64,32,5000,ula,14
104128,13224256,-201.37657658308984,0.001,64,32,5000,ula,14
104160,13228320,-187.50298925514704,0.001,64,32,5000,ula,14
104192,13232384,-202.3931052595231,0.001,64,32,5000,ula,14
104224,13236448,-193.17607479815433,0.001,64,32,5000,ula,14
104256,13240512,-189.8568948911396,0.001,64,32,5000,ula,14
104288,13244576,-183.52008022993925,0.001,64,32,5000,ula,14
104320,13248640,-188.8428402101839,0.001,64,32,5000,ula,14
104352,13252704,-193.73688118029702,0.001,64,32,5000,ula,14
104384,13256768,-195.09149077283854,0.001,64,32,5000,ula,14
104416,13260832,-194.02047491555408,0.001,64,32,5000,ula,14
104448,13264896,-200.35882094502995,0.001,64,32,5000,ula,14
104480,13268960,-201.08948954179422,0.001,64,32,5000,ula,14
104512,13273024,-190.0363734688592,0.001,64,32,5000,ula,14
104544,13277088,-192.32399638762973,0.001,64,32,5000,ula,14
104576,13281152,-188.54032007984412,0.001,64,32,5000,ula,14
104608,13285216,-197.87565836948792,0.001,64,32,5000,ula,14
104640,13289280,-193.50733579359093,0.001,64,32,5000,ula,14
104672,13293344,-192.33914875859514,0.001,64,32,5000,ula,14
104704,13297408,-194.65261003528093,0.001,64,32,5000,ula,14
104736,13301472,-189.59201821288215,0.001,64,32,5000,ula,14
104768,13305536,-191.02736496408153,0.001,64,32,5000,ula,14
104800,13309600,-187.83533452185964,0.001,64,32,5000,ula,14
104832,13313664,-190.3019681556265,0.001,64,32,5000,ula,14
104864,13317728,-191.08158761922698,0.001,64,32,5000,ula,14
104896,13321792,-194.58442261870002,0.001,64,32,5000,ula,14
104928,13325856,-192.43233792395898,0.001,64,32,5000,ula,14
104960,13329920,-198.18008098172064,0.001,64,32,5000,ula,14
104992,13333984,-196.05147517015018,0.001,64,32,5000,ula,14
105024,13338048,-203.26828811469898,0.001,64,32,5000,ula,14
105056,13342112,-195.32372024884208,0.001,64,32,5000,ula,14
105088,13346176,-201.36620773732858,0.001,64,32,5000,ula,14
105120,13350240,-199.97350469264842,0.001,64,32,5000,ula,14
105152,13354304,-198.54359709295915,0.001,64,32,5000,ula,14
105184,13358368,-196.41512488674786,0.001,64,32,5000,ula,14
105216,13362432,-190.58520030277452,0.001,64,32,5000,ula,14
105248,13366496,-197.06883526372266,0.001,64,32,5000,ula,14
105280,13370560,-195.2894007153825,0.001,64,32,5000,ula,14
105312,13374624,-199.10157602276863,0.001,64,32,5000,ula,14
105344,13378688,-197.00134649753463,0.001,64,32,5000,ula,14
105376,13382752,-195.39587012219442,0.001,64,32,5000,ula,14
105408,13386816,-198.93935249227084,0.001,64,32,5000,ula,14
105440,13390880,-194.90520679439553,0.001,64,32,5000,ula,14
105472,13394944,-186.39445895431862,0.001,64,32,5000,ula,14
105504,13399008,-196.87200576617278,0.001,64,32,5000,ula,14
105536,13403072,-191.04678293390546,0.001,64,32,5000,ula,14
105568,13407136,-190.0806683086698,0.001,64,32,5000,ula,14
105600,13411200,-184.69056041277102,0.001,64,32,5000,ula,14
105632,13415264,-192.44048922274064,0.001,64,32,5000,ula,14
105664,13419328,-194.4101850208747,0.001,64,32,5000,ula,14
105696,13423392,-194.76085751417546,0.001,64,32,5000,ula,14
105728,13427456,-190.20666935973088,0.001,64,32,5000,ula,14
105760,13431520,-193.21978566782087,0.001,64,32,5000,ula,14
105792,13435584,-193.62437484533373,0.001,64,32,5000,ula,14
105824,13439648,-195.52007895829132,0.001,64,32,5000,ula,14
105856,13443712,-194.78431465941185,0.001,64,32,5000,ula,14
105888,13447776,-186.39675262404973,0.001,64,32,5000,ula,14
105920,13451840,-192.05917798187534,0.001,64,32,5000,ula,14
105952,13455904,-194.89332498252733,0.001,64,32,5000,ula,14
105984,13459968,-186.8909970608789,0.001,64,32,5000,ula,14
106016,13464032,-200.26718684728144,0.001,64,32,5000,ula,14
106048,13468096,-194.59056398759515,0.001,64,32,5000,ula,14
106080,13472160,-197.09631573306513,0.001,64,32,5000,ula,14
106112,13476224,-194.27489527850292,0.001,64,32,5000,ula,14
106144,13480288,-187.357526683503,0.001,64,32,5000,ula,14
106176,13484352,-190.80294937287522,0.001,64,32,5000,ula,14
106208,13488416,-196.31829804738203,0.001,64,32,5000,ula,14
106240,13492480,-192.589611260153,0.001,64,32,5000,ula,14
106272,13496544,-198.28552348017425,0.001,64,32,5000,ula,14
106304,13500608,-200.56026834393418,0.001,64,32,5000,ula,14
106336,13504672,-191.2837945719663,0.001,64,32,5000,ula,14
106368,13508736,-200.48916635246056,0.001,64,32,5000,ula,14
106400,13512800,-196.97909140155053,0.001,64,32,5000,ula,14
106432,13516864,-200.9940378323541,0.001,64,32,5000,ula,14
106464,13520928,-195.73958297513033,0.001,64,32,5000,ula,14
106496,13524992,-198.14728180208797,0.001,64,32,5000,ula,14
106528,13529056,-196.0376337486538,0.001,64,32,5000,ula,14
106560,13533120,-195.89729714474745,0.001,64,32,5000,ula,14
106592,13537184,-197.5608130503355,0.001,64,32,5000,ula,14
106624,13541248,-192.0562289271772,0.001,64,32,5000,ula,14
106656,13545312,-188.57418973419814,0.001,64,32,5000,ula,14
106688,13549376,-185.69622321600656,0.001,64,32,5000,ula,14
106720,13553440,-201.4520526216667,0.001,64,32,5000,ula,14
106752,13557504,-199.8339536519854,0.001,64,32,5000,ula,14
106784,13561568,-184.7866479427548,0.001,64,32,5000,ula,14
106816,13565632,-192.98792295232738,0.001,64,32,5000,ula,14
106848,13569696,-188.7498200629121,0.001,64,32,5000,ula,14
106880,13573760,-193.90434613175378,0.001,64,32,5000,ula,14
106912,13577824,-194.14839482243906,0.001,64,32,5000,ula,14
106944,13581888,-196.86459858544777,0.001,64,32,5000,ula,14
106976,13585952,-191.3380130207526,0.001,64,32,5000,ula,14
107008,13590016,-186.27208915670218,0.001,64,32,5000,ula,14
107040,13594080,-197.87333674082996,0.001,64,32,5000,ula,14
107072,13598144,-200.637270150051,0.001,64,32,5000,ula,14
107104,13602208,-195.51611762655233,0.001,64,32,5000,ula,14
107136,13606272,-190.59503350990863,0.001,64,32,5000,ula,14
107168,13610336,-200.89592336046428,0.001,64,32,5000,ula,14
107200,13614400,-190.18691529157653,0.001,64,32,5000,ula,14
107232,13618464,-190.7950059343109,0.001,64,32,5000,ula,14
107264,13622528,-190.03909710618885,0.001,64,32,5000,ula,14
107296,13626592,-185.5729120928855,0.001,64,32,5000,ula,14
107328,13630656,-194.28299723111667,0.001,64,32,5000,ula,14
107360,13634720,-194.80246362196726,0.001,64,32,5000,ula,14
107392,13638784,-188.41284025979778,0.001,64,32,5000,ula,14
107424,13642848,-196.7180976645394,0.001,64,32,5000,ula,14
107456,13646912,-194.31129004820227,0.001,64,32,5000,ula,14
107488,13650976,-200.65437983529856,0.001,64,32,5000,ula,14
107520,13655040,-191.15077793921387,0.001,64,32,5000,ula,14
107552,13659104,-190.19607758079067,0.001,64,32,5000,ula,14
107584,13663168,-183.96369025692977,0.001,64,32,5000,ula,14
107616,13667232,-192.47862829165723,0.001,64,32,5000,ula,14
107648,13671296,-196.18536736911557,0.001,64,32,5000,ula,14
107680,13675360,-198.904773791678,0.001,64,32,5000,ula,14
107712,13679424,-191.67666568151438,0.001,64,32,5000,ula,14
107744,13683488,-188.26632262010116,0.001,64,32,5000,ula,14
107776,13687552,-200.95585361339747,0.001,64,32,5000,ula,14
107808,13691616,-201.40618170812647,0.001,64,32,5000,ula,14
107840,13695680,-196.23530761671597,0.001,64,32,5000,ula,14
107872,13699744,-196.11940913941274,0.001,64,32,5000,ula,14
107904,13703808,-192.4061490016135,0.001,64,32,5000,ula,14
107936,13707872,-190.3461996747801,0.001,64,32,5000,ula,14
107968,13711936,-200.514333998155,0.001,64,32,5000,ula,14
108000,13716000,-187.10882795104666,0.001,64,32,5000,ula,14
108032,13720064,-192.47606206508667,0.001,64,32,5000,ula,14
108064,13724128,-191.0321460542902,0.001,64,32,5000,ula,14
108096,13728192,-193.44480899112108,0.001,64,32,5000,ula,14
108128,13732256,-195.978005044779,0.001,64,32,5000,ula,14
108160,13736320,-200.4439688350094,0.001,64,32,5000,ula,14
108192,13740384,-193.65435575352188,0.001,64,32,5000,ula,14
108224,13744448,-190.9406041122706,0.001,64,32,5000,ula,14
108256,13748512,-195.32897756134884,0.001,64,32,5000,ula,14
108288,13752576,-189.80882991836157,0.001,64,32,5000,ula,14
108320,13756640,-190.98435277150023,0.001,64,32,5000,ula,14
108352,13760704,-194.1462674190716,0.001,64,32,5000,ula,14
108384,13764768,-193.3418023782553,0.001,64,32,5000,ula,14
108416,13768832,-194.32488258409828,0.001,64,32,5000,ula,14
108448,13772896,-199.65919859497518,0.001,64,32,5000,ula,14
108480,13776960,-192.42008801549304,0.001,64,32,5000,ula,14
108512,13781024,-197.78008104847893,0.001,64,32,5000,ula,14
108544,13785088,-196.99132541101574,0.001,64,32,5000,ula,14
108576,13789152,-197.7692272355458,0.001,64,32,5000,ula,14
108608,13793216,-202.3627700603504,0.001,64,32,5000,ula,14
108640,13797280,-202.99698487555315,0.001,64,32,5000,ula,14
108672,13801344,-194.93533911473176,0.001,64,32,5000,ula,14
108704,13805408,-194.39347622369422,0.001,64,32,5000,ula,14
108736,13809472,-199.67931911769344,0.001,64,32,5000,ula,14
108768,13813536,-199.60474773335017,0.001,64,32,5000,ula,14
108800,13817600,-196.93911368780766,0.001,64,32,5000,ula,14
108832,13821664,-191.51639173284696,0.001,64,32,5000,ula,14
108864,13825728,-197.9657557729167,0.001,64,32,5000,ula,14
108896,13829792,-193.56235173848714,0.001,64,32,5000,ula,14
108928,13833856,-192.1308755601716,0.001,64,32,5000,ula,14
108960,13837920,-192.09005657369343,0.001,64,32,5000,ula,14
108992,13841984,-194.23599639991187,0.001,64,32,5000,ula,14
109024,13846048,-190.15353856401504,0.001,64,32,5000,ula,14
109056,13850112,-187.0556013069979,0.001,64,32,5000,ula,14
109088,13854176,-193.74892843029525,0.001,64,32,5000,ula,14
109120,13858240,-186.7054217868016,0.001,64,32,5000,ula,14
109152,13862304,-198.61123014024975,0.001,64,32,5000,ula,14
109184,13866368,-200.44223861071487,0.001,64,32,5000,ula,14
109216,13870432,-198.29921958581482,0.001,64,32,5000,ula,14
109248,13874496,-193.88321942938973,0.001,64,32,5000,ula,14
109280,13878560,-197.4470747365986,0.001,64,32,5000,ula,14
109312,13882624,-195.28327630195727,0.001,64,32,5000,ula,14
109344,13886688,-194.30342858572305,0.001,64,32,5000,ula,14
109376,13890752,-201.52161423936568,0.001,64,32,5000,ula,14
109408,13894816,-195.5320850742775,0.001,64,32,5000,ula,14
109440,13898880,-198.57904803257483,0.001,64,32,5000,ula,14
109472,13902944,-201.53913435478714,0.001,64,32,5000,ula,14
109504,13907008,-193.50550497878697,0.001,64,32,5000,ula,14
109536,13911072,-184.6392545732642,0.001,64,32,5000,ula,14
109568,13915136,-187.68202516259416,0.001,64,32,5000,ula,14
109600,13919200,-199.61382849266877,0.001,64,32,5000,ula,14
109632,13923264,-188.62878562761358,0.001,64,32,5000,ula,14
109664,13927328,-184.6211607997529,0.001,64,32,5000,ula,14
109696,13931392,-202.51695449620206,0.001,64,32,5000,ula,14
109728,13935456,-196.99528297526948,0.001,64,32,5000,ula,14
109760,13939520,-188.01568534063603,0.001,64,32,5000,ula,14
109792,13943584,-191.28498168663043,0.001,64,32,5000,ula,14
109824,13947648,-184.6467472567026,0.001,64,32,5000,ula,14
109856,13951712,-193.61761062063894,0.001,64,32,5000,ula,14
109888,13955776,-192.5948587508111,0.001,64,32,5000,ula,14
109920,13959840,-197.29021403195958,0.001,64,32,5000,ula,14
109952,13963904,-191.89654057232877,0.001,64,32,5000,ula,14
109984,13967968,-201.03431724496775,0.001,64,32,5000,ula,14
110016,13972032,-196.85783979515946,0.001,64,32,5000,ula,14
110048,13976096,-190.1318311832115,0.001,64,32,5000,ula,14
110080,13980160,-195.838269224638,0.001,64,32,5000,ula,14
110112,13984224,-180.27327747517114,0.001,64,32,5000,ula,14
110144,13988288,-203.09632915452588,0.001,64,32,5000,ula,14
110176,13992352,-196.82208856177564,0.001,64,32,5000,ula,14
110208,13996416,-192.52074685885765,0.001,64,32,5000,ula,14
110240,14000480,-197.27739111518272,0.001,64,32,5000,ula,14
110272,14004544,-186.48140293145207,0.001,64,32,5000,ula,14
110304,14008608,-197.41358891200665,0.001,64,32,5000,ula,14
110336,14012672,-193.20450740874296,0.001,64,32,5000,ula,14
110368,14016736,-189.40020891436023,0.001,64,32,5000,ula,14
110400,14020800,-194.21043432199681,0.001,64,32,5000,ula,14
110432,14024864,-193.8936786142263,0.001,64,32,5000,ula,14
110464,14028928,-197.10900106465058,0.001,64,32,5000,ula,14
110496,14032992,-197.8275682424053,0.001,64,32,5000,ula,14
110528,14037056,-191.3892999606961,0.001,64,32,5000,ula,14
110560,14041120,-194.6173818746756,0.001,64,32,5000,ula,14
110592,14045184,-195.69200170442716,0.001,64,32,5000,ula,14
110624,14049248,-186.56178192904227,0.001,64,32,5000,ula,14
110656,14053312,-199.4460240499002,0.001,64,32,5000,ula,14
110688,14057376,-200.37296567022062,0.001,64,32,5000,ula,14
110720,14061440,-191.39797040447158,0.001,64,32,5000,ula,14
110752,14065504,-179.49772070628228,0.001,64,32,5000,ula,14
110784,14069568,-196.61209676830876,0.001,64,32,5000,ula,14
110816,14073632,-197.37289618891847,0.001,64,32,5000,ula,14
110848,14077696,-197.38211322753662,0.001,64,32,5000,ula,14
110880,14081760,-192.80083590670702,0.001,64,32,5000,ula,14
110912,14085824,-188.6892890789401,0.001,64,32,5000,ula,14
110944,14089888,-198.35251374018569,0.001,64,32,5000,ula,14
110976,14093952,-183.35629941175984,0.001,64,32,5000,ula,14
111008,14098016,-200.26017630846604,0.001,64,32,5000,ula,14
111040,14102080,-187.47617463475015,0.001,64,32,5000,ula,14
111072,14106144,-192.70770482696778,0.001,64,32,5000,ula,14
111104,14110208,-198.66639743140684,0.001,64,32,5000,ula,14
111136,14114272,-198.27163200638265,0.001,64,32,5000,ula,14
111168,14118336,-193.82747097064367,0.001,64,32,5000,ula,14
111200,14122400,-194.5356204752128,0.001,64,32,5000,ula,14
111232,14126464,-186.17151222236097,0.001,64,32,5000,ula,14
111264,14130528,-194.14128497276982,0.001,64,32,5000,ula,14
111296,14134592,-191.9533027191135,0.001,64,32,5000,ula,14
111328,14138656,-194.4138223436308,0.001,64,32,5000,ula,14
111360,14142720,-194.93594787823042,0.001,64,32,5000,ula,14
111392,14146784,-196.39171921125612,0.001,64,32,5000,ula,14
111424,14150848,-194.63563223518778,0.001,64,32,5000,ula,14
111456,14154912,-190.13645920380677,0.001,64,32,5000,ula,14
111488,14158976,-191.72730938738005,0.001,64,32,5000,ula,14
111520,14163040,-194.62870456953124,0.001,64,32,5000,ula,14
111552,14167104,-192.47308659870728,0.001,64,32,5000,ula,14
111584,14171168,-200.38086087764384,0.001,64,32,5000,ula,14
111616,14175232,-191.1954146122725,0.001,64,32,5000,ula,14
111648,14179296,-199.19780405406084,0.001,64,32,5000,ula,14
111680,14183360,-196.9597833873617,0.001,64,32,5000,ula,14
111712,14187424,-189.59144320931784,0.001,64,32,5000,ula,14
111744,14191488,-190.74402133014513,0.001,64,32,5000,ula,14
111776,14195552,-191.6428060763658,0.001,64,32,5000,ula,14
111808,14199616,-198.59179878159216,0.001,64,32,5000,ula,14
111840,14203680,-194.4797072309539,0.001,64,32,5000,ula,14
111872,14207744,-195.0274375463372,0.001,64,32,5000,ula,14
111904,14211808,-198.53679504026968,0.001,64,32,5000,ula,14
111936,14215872,-194.12279423232374,0.001,64,32,5000,ula,14
111968,14219936,-187.4285850373727,0.001,64,32,5000,ula,14
112000,14224000,-195.33178789988722,0.001,64,32,5000,ula,14
112032,14228064,-197.00044000319187,0.001,64,32,5000,ula,14
112064,14232128,-197.90931490176035,0.001,64,32,5000,ula,14
112096,14236192,-189.82175288415547,0.001,64,32,5000,ula,14
112128,14240256,-200.5971262307538,0.001,64,32,5000,ula,14
112160,14244320,-197.27990239594573,0.001,64,32,5000,ula,14
112192,14248384,-195.01556720036874,0.001,64,32,5000,ula,14
112224,14252448,-195.1512730777595,0.001,64,32,5000,ula,14
112256,14256512,-201.73462095620528,0.001,64,32,5000,ula,14
112288,14260576,-190.13224229712287,0.001,64,32,5000,ula,14
112320,14264640,-195.85483294184007,0.001,64,32,5000,ula,14
112352,14268704,-191.03232352616885,0.001,64,32,5000,ula,14
112384,14272768,-193.5007452111078,0.001,64,32,5000,ula,14
112416,14276832,-197.06594325522929,0.001,64,32,5000,ula,14
112448,14280896,-191.37389292292445,0.001,64,32,5000,ula,14
112480,14284960,-193.04062903692173,0.001,64,32,5000,ula,14
112512,14289024,-178.97044391483846,0.001,64,32,5000,ula,14
112544,14293088,-196.53696774439308,0.001,64,32,5000,ula,14
112576,14297152,-196.98294315300532,0.001,64,32,5000,ula,14
112608,14301216,-194.44313889079064,0.001,64,32,5000,ula,14
112640,14305280,-196.7834799003394,0.001,64,32,5000,ula,14
112672,14309344,-193.88073591163035,0.001,64,32,5000,ula,14
112704,14313408,-186.77994555211131,0.001,64,32,5000,ula,14
112736,14317472,-196.1194128662501,0.001,64,32,5000,ula,14
112768,14321536,-196.44314229517002,0.001,64,32,5000,ula,14
112800,14325600,-196.97490452296182,0.001,64,32,5000,ula,14
112832,14329664,-193.30649057209368,0.001,64,32,5000,ula,14
112864,14333728,-196.93125888356636,0.001,64,32,5000,ula,14
112896,14337792,-190.9793288818685,0.001,64,32,5000,ula,14
112928,14341856,-189.8311945364977,0.001,64,32,5000,ula,14
112960,14345920,-192.30362998339848,0.001,64,32,5000,ula,14
112992,14349984,-191.52662887108144,0.001,64,32,5000,ula,14
113024,14354048,-196.45042091133112,0.001,64,32,5000,ula,14
113056,14358112,-198.79741025523117,0.001,64,32,5000,ula,14
113088,14362176,-189.5308245072679,0.001,64,32,5000,ula,14
113120,14366240,-203.12922822752074,0.001,64,32,5000,ula,14
113152,14370304,-191.7864659782089,0.001,64,32,5000,ula,14
113184,14374368,-198.1791510533766,0.001,64,32,5000,ula,14
113216,14378432,-196.2019926194719,0.001,64,32,5000,ula,14
113248,14382496,-179.3668610703281,0.001,64,32,5000,ula,14
113280,14386560,-185.01639199584838,0.001,64,32,5000,ula,14
113312,14390624,-200.75520305636303,0.001,64,32,5000,ula,14
113344,14394688,-198.91187133627875,0.001,64,32,5000,ula,14
113376,14398752,-190.31926994743256,0.001,64,32,5000,ula,14
113408,14402816,-199.89171745335165,0.001,64,32,5000,ula,14
113440,14406880,-196.69227055224107,0.001,64,32,5000,ula,14
113472,14410944,-194.41713738299654,0.001,64,32,5000,ula,14
113504,14415008,-180.1591539555195,0.001,64,32,5000,ula,14
113536,14419072,-195.4597713936456,0.001,64,32,5000,ula,14
113568,14423136,-197.0367918322592,0.001,64,32,5000,ula,14
113600,14427200,-188.67226626057942,0.001,64,32,5000,ula,14
113632,14431264,-198.24276180356478,0.001,64,32,5000,ula,14
113664,14435328,-187.76420571586624,0.001,64,32,5000,ula,14
113696,14439392,-198.95751910225775,0.001,64,32,5000,ula,14
113728,14443456,-193.19240541385378,0.001,64,32,5000,ula,14
113760,14447520,-198.00357806878543,0.001,64,32,5000,ula,14
113792,14451584,-201.61074777223172,0.001,64,32,5000,ula,14
113824,14455648,-193.01988103809995,0.001,64,32,5000,ula,14
113856,14459712,-193.0350441364347,0.001,64,32,5000,ula,14
113888,14463776,-191.242685681693,0.001,64,32,5000,ula,14
113920,14467840,-192.7515975177322,0.001,64,32,5000,ula,14
113952,14471904,-201.24704675892156,0.001,64,32,5000,ula,14
113984,14475968,-196.78906321701336,0.001,64,32,5000,ula,14
114016,14480032,-194.1790401507579,0.001,64,32,5000,ula,14
114048,14484096,-196.85951101423515,0.001,64,32,5000,ula,14
114080,14488160,-192.95434751954272,0.001,64,32,5000,ula,14
114112,14492224,-195.66604287354548,0.001,64,32,5000,ula,14
114144,14496288,-192.3615530582213,0.001,64,32,5000,ula,14
114176,14500352,-190.0637837002433,0.001,64,32,5000,ula,14
114208,14504416,-189.72628645599028,0.001,64,32,5000,ula,14
114240,14508480,-189.87211452533094,0.001,64,32,5000,ula,14
114272,14512544,-192.71272661895375,0.001,64,32,5000,ula,14
114304,14516608,-196.08949076909377,0.001,64,32,5000,ula,14
114336,14520672,-181.34728468882395,0.001,64,32,5000,ula,14
114368,14524736,-194.84207903579897,0.001,64,32,5000,ula,14
114400,14528800,-193.8970364472142,0.001,64,32,5000,ula,14
114432,14532864,-190.95642375422594,0.001,64,32,5000,ula,14
114464,14536928,-192.53441371621804,0.001,64,32,5000,ula,14
114496,14540992,-188.01721406438836,0.001,64,32,5000,ula,14
114528,14545056,-188.86982129140242,0.001,64,32,5000,ula,14
114560,14549120,-194.64581422013984,0.001,64,32,5000,ula,14
114592,14553184,-188.94308480726147,0.001,64,32,5000,ula,14
114624,14557248,-181.73720313949838,0.001,64,32,5000,ula,14
114656,14561312,-194.88152706432513,0.001,64,32,5000,ula,14
114688,14565376,-195.45410577825925,0.001,64,32,5000,ula,14
114720,14569440,-184.49719282458986,0.001,64,32,5000,ula,14
114752,14573504,-197.2452208035644,0.001,64,32,5000,ula,14
114784,14577568,-190.21649716218005,0.001,64,32,5000,ula,14
114816,14581632,-197.7864597293674,0.001,64,32,5000,ula,14
114848,14585696,-198.00511515772612,0.001,64,32,5000,ula,14
114880,14589760,-196.41634889886726,0.001,64,32,5000,ula,14
114912,14593824,-188.0369144112853,0.001,64,32,5000,ula,14
114944,14597888,-194.31455118837903,0.001,64,32,5000,ula,14
114976,14601952,-196.27521029163557,0.001,64,32,5000,ula,14
115008,14606016,-204.49909738525594,0.001,64,32,5000,ula,14
115040,14610080,-194.71373179629109,0.001,64,32,5000,ula,14
115072,14614144,-198.26370317066005,0.001,64,32,5000,ula,14
115104,14618208,-191.16150548299987,0.001,64,32,5000,ula,14
115136,14622272,-185.88686809133975,0.001,64,32,5000,ula,14
115168,14626336,-198.8799283491184,0.001,64,32,5000,ula,14
115200,14630400,-194.2552744320882,0.001,64,32,5000,ula,14
115232,14634464,-189.1081287980656,0.001,64,32,5000,ula,14
115264,14638528,-198.4707581385269,0.001,64,32,5000,ula,14
115296,14642592,-180.44439308542368,0.001,64,32,5000,ula,14
115328,14646656,-196.2188852282307,0.001,64,32,5000,ula,14
115360,14650720,-183.99353358615213,0.001,64,32,5000,ula,14
115392,14654784,-197.79505073888214,0.001,64,32,5000,ula,14
115424,14658848,-197.20529424305806,0.001,64,32,5000,ula,14
115456,14662912,-191.5677415922443,0.001,64,32,5000,ula,14
115488,14666976,-190.7579683138179,0.001,64,32,5000,ula,14
115520,14671040,-193.79929391907723,0.001,64,32,5000,ula,14
115552,14675104,-191.66017999267348,0.001,64,32,5000,ula,14
115584,14679168,-201.37880746975242,0.001,64,32,5000,ula,14
115616,14683232,-186.03602093767458,0.001,64,32,5000,ula,14
115648,14687296,-189.69559634755203,0.001,64,32,5000,ula,14
115680,14691360,-193.17518270330714,0.001,64,32,5000,ula,14
115712,14695424,-195.7817656566372,0.001,64,32,5000,ula,14
115744,14699488,-190.91386083039703,0.001,64,32,5000,ula,14
115776,14703552,-192.55746201316444,0.001,64,32,5000,ula,14
115808,14707616,-188.48988548725828,0.001,64,32,5000,ula,14
115840,14711680,-187.88980367445976,0.001,64,32,5000,ula,14
115872,14715744,-190.00520510523677,0.001,64,32,5000,ula,14
115904,14719808,-194.52038093096817,0.001,64,32,5000,ula,14
115936,14723872,-196.86979258107712,0.001,64,32,5000,ula,14
115968,14727936,-190.82921336060062,0.001,64,32,5000,ula,14
116000,14732000,-198.18736981715045,0.001,64,32,5000,ula,14
116032,14736064,-199.15124552429876,0.001,64,32,5000,ula,14
116064,14740128,-199.37878237058476,0.001,64,32,5000,ula,14
116096,14744192,-192.9193984901398,0.001,64,32,5000,ula,14
116128,14748256,-201.12895427883342,0.001,64,32,5000,ula,14
116160,14752320,-188.6117165189067,0.001,64,32,5000,ula,14
116192,14756384,-198.35311447103342,0.001,64,32,5000,ula,14
116224,14760448,-188.95494101509038,0.001,64,32,5000,ula,14
116256,14764512,-192.2807725380735,0.001,64,32,5000,ula,14
116288,14768576,-189.61993084914408,0.001,64,32,5000,ula,14
116320,14772640,-198.0214536649448,0.001,64,32,5000,ula,14
116352,14776704,-196.60495793752648,0.001,64,32,5000,ula,14
116384,14780768,-191.15959910963028,0.001,64,32,5000,ula,14
116416,14784832,-194.12182528320716,0.001,64,32,5000,ula,14
116448,14788896,-189.17379767675757,0.001,64,32,5000,ula,14
116480,14792960,-198.2084945727313,0.001,64,32,5000,ula,14
116512,14797024,-200.74777310898625,0.001,64,32,5000,ula,14
116544,14801088,-192.91544260318463,0.001,64,32,5000,ula,14
116576,14805152,-193.3325522641427,0.001,64,32,5000,ula,14
116608,14809216,-199.6581831303733,0.001,64,32,5000,ula,14
116640,14813280,-199.90494174879686,0.001,64,32,5000,ula,14
116672,14817344,-192.53652956610836,0.001,64,32,5000,ula,14
116704,14821408,-188.6138879325889,0.001,64,32,5000,ula,14
116736,14825472,-194.87394448857458,0.001,64,32,5000,ula,14
116768,14829536,-184.57681062126215,0.001,64,32,5000,ula,14
116800,14833600,-195.63164722549806,0.001,64,32,5000,ula,14
116832,14837664,-199.99847791445592,0.001,64,32,5000,ula,14
116864,14841728,-196.72746511586323,0.001,64,32,5000,ula,14
116896,14845792,-194.12934547260477,0.001,64,32,5000,ula,14
116928,14849856,-190.82096597188837,0.001,64,32,5000,ula,14
116960,14853920,-196.4303911652448,0.001,64,32,5000,ula,14
116992,14857984,-182.69354262868256,0.001,64,32,5000,ula,14
117024,14862048,-187.9559748746939,0.001,64,32,5000,ula,14
117056,14866112,-189.7328733338751,0.001,64,32,5000,ula,14
117088,14870176,-191.65824580300128,0.001,64,32,5000,ula,14
117120,14874240,-196.3870470927116,0.001,64,32,5000,ula,14
117152,14878304,-193.7219898229987,0.001,64,32,5000,ula,14
117184,14882368,-195.6552379754959,0.001,64,32,5000,ula,14
117216,14886432,-194.83042483001535,0.001,64,32,5000,ula,14
117248,14890496,-197.14902659771113,0.001,64,32,5000,ula,14
117280,14894560,-194.45960773823327,0.001,64,32,5000,ula,14
117312,14898624,-191.75884872187623,0.001,64,32,5000,ula,14
117344,14902688,-196.47622093687255,0.001,64,32,5000,ula,14
117376,14906752,-183.77546393816468,0.001,64,32,5000,ula,14
117408,14910816,-190.78900369362262,0.001,64,32,5000,ula,14
117440,14914880,-197.3119741120415,0.001,64,32,5000,ula,14
117472,14918944,-195.15022899499462,0.001,64,32,5000,ula,14
117504,14923008,-192.01151338512324,0.001,64,32,5000,ula,14
117536,14927072,-198.01798118363448,0.001,64,32,5000,ula,14
117568,14931136,-190.55502699849595,0.001,64,32,5000,ula,14
117600,14935200,-184.39378722406772,0.001,64,32,5000,ula,14
117632,14939264,-196.39641153539884,0.001,64,32,5000,ula,14
117664,14943328,-196.40696780913527,0.001,64,32,5000,ula,14
117696,14947392,-198.52415831364448,0.001,64,32,5000,ula,14
117728,14951456,-186.2390554009113,0.001,64,32,5000,ula,14
117760,14955520,-197.98167437656568,0.001,64,32,5000,ula,14
117792,14959584,-197.60789635267122,0.001,64,32,5000,ula,14
117824,14963648,-191.14967465515693,0.001,64,32,5000,ula,14
117856,14967712,-196.79470567945575,0.001,64,32,5000,ula,14
117888,14971776,-193.59191457970678,0.001,64,32,5000,ula,14
117920,14975840,-195.4703315844874,0.001,64,32,5000,ula,14
117952,14979904,-189.28885580356175,0.001,64,32,5000,ula,14
117984,14983968,-191.0915860839273,0.001,64,32,5000,ula,14
118016,14988032,-196.57597077950456,0.001,64,32,5000,ula,14
118048,14992096,-193.4680993847703,0.001,64,32,5000,ula,14
118080,14996160,-196.25868540632138,0.001,64,32,5000,ula,14
118112,15000224,-193.73163431500657,0.001,64,32,5000,ula,14
118144,15004288,-183.89303998650487,0.001,64,32,5000,ula,14
118176,15008352,-198.8771388762443,0.001,64,32,5000,ula,14
118208,15012416,-200.14150337995207,0.001,64,32,5000,ula,14
118240,15016480,-195.0022212420982,0.001,64,32,5000,ula,14
118272,15020544,-191.8646752435653,0.001,64,32,5000,ula,14
118304,15024608,-189.11764455267686,0.001,64,32,5000,ula,14
118336,15028672,-189.4183034366029,0.001,64,32,5000,ula,14
118368,15032736,-196.7950884095041,0.001,64,32,5000,ula,14
118400,15036800,-194.83366306180406,0.001,64,32,5000,ula,14
118432,15040864,-198.43351402685468,0.001,64,32,5000,ula,14
118464,15044928,-187.97161588949143,0.001,64,32,5000,ula,14
118496,15048992,-201.6808017586785,0.001,64,32,5000,ula,14
118528,15053056,-198.34192172879276,0.001,64,32,5000,ula,14
118560,15057120,-192.9132388758548,0.001,64,32,5000,ula,14
118592,15061184,-197.78322137051885,0.001,64,32,5000,ula,14
118624,15065248,-194.5076582606457,0.001,64,32,5000,ula,14
118656,15069312,-199.34289348353684,0.001,64,32,5000,ula,14
118688,15073376,-191.79359728548502,0.001,64,32,5000,ula,14
118720,15077440,-191.31096211061214,0.001,64,32,5000,ula,14
118752,15081504,-195.6187619805755,0.001,64,32,5000,ula,14
118784,15085568,-193.83560695980307,0.001,64,32,5000,ula,14
118816,15089632,-188.26999914326473,0.001,64,32,5000,ula,14
118848,15093696,-195.23516318124211,0.001,64,32,5000,ula,14
118880,15097760,-193.74489814685327,0.001,64,32,5000,ula,14
118912,15101824,-189.20641240720343,0.001,64,32,5000,ula,14
118944,15105888,-196.34620952220016,0.001,64,32,5000,ula,14
118976,15109952,-196.21626187512157,0.001,64,32,5000,ula,14
119008,15114016,-192.90104607789092,0.001,64,32,5000,ula,14
119040,15118080,-183.34012672662658,0.001,64,32,5000,ula,14
119072,15122144,-193.49217605683435,0.001,64,32,5000,ula,14
119104,15126208,-194.84060721302097,0.001,64,32,5000,ula,14
119136,15130272,-183.6037587621364,0.001,64,32,5000,ula,14
119168,15134336,-191.91604806979282,0.001,64,32,5000,ula,14
119200,15138400,-188.52169979605446,0.001,64,32,5000,ula,14
119232,15142464,-193.19388590721906,0.001,64,32,5000,ula,14
119264,15146528,-194.6203846347132,0.001,64,32,5000,ula,14
119296,15150592,-193.11529922128418,0.001,64,32,5000,ula,14
119328,15154656,-194.87497854129745,0.001,64,32,5000,ula,14
119360,15158720,-191.36000412018242,0.001,64,32,5000,ula,14
119392,15162784,-195.62358919089826,0.001,64,32,5000,ula,14
119424,15166848,-194.0807089238429,0.001,64,32,5000,ula,14
119456,15170912,-187.08175683696703,0.001,64,32,5000,ula,14
119488,15174976,-195.39644600393098,0.001,64,32,5000,ula,14
119520,15179040,-192.37986818392395,0.001,64,32,5000,ula,14
119552,15183104,-185.53246355598722,0.001,64,32,5000,ula,14
119584,15187168,-192.81786801415282,0.001,64,32,5000,ula,14
119616,15191232,-189.2038612609905,0.001,64,32,5000,ula,14
119648,15195296,-192.95156693435848,0.001,64,32,5000,ula,14
119680,15199360,-195.141122370632,0.001,64,32,5000,ula,14
119712,15203424,-196.23997575979968,0.001,64,32,5000,ula,14
119744,15207488,-194.39029741136994,0.001,64,32,5000,ula,14
119776,15211552,-188.86123188545042,0.001,64,32,5000,ula,14
119808,15215616,-199.1204173302305,0.001,64,32,5000,ula,14
119840,15219680,-193.89574630580665,0.001,64,32,5000,ula,14
119872,15223744,-189.8849374878415,0.001,64,32,5000,ula,14
119904,15227808,-196.64622136432257,0.001,64,32,5000,ula,14
119936,15231872,-190.58895462608663,0.001,64,32,5000,ula,14
119968,15235936,-196.8131112918693,0.001,64,32,5000,ula,14
120000,15240000,-190.16581409145257,0.001,64,32,5000,ula,14
120032,15244064,-199.3515238808177,0.001,64,32,5000,ula,14
120064,15248128,-197.02199603318448,0.001,64,32,5000,ula,14
120096,15252192,-197.4201964142904,0.001,64,32,5000,ula,14
120128,15256256,-196.74728094141497,0.001,64,32,5000,ula,14
120160,15260320,-189.5399713393668,0.001,64,32,5000,ula,14
120192,15264384,-188.1258922598025,0.001,64,32,5000,ula,14
120224,15268448,-186.66840214636608,0.001,64,32,5000,ula,14
120256,15272512,-198.80463362362556,0.001,64,32,5000,ula,14
120288,15276576,-186.46053175264473,0.001,64,32,5000,ula,14
120320,15280640,-192.4267379844383,0.001,64,32,5000,ula,14
120352,15284704,-201.13132317409918,0.001,64,32,5000,ula,14
120384,15288768,-192.7317253548995,0.001,64,32,5000,ula,14
120416,15292832,-191.76417289748585,0.001,64,32,5000,ula,14
120448,15296896,-188.74383964680075,0.001,64,32,5000,ula,14
120480,15300960,-196.15216652293347,0.001,64,32,5000,ula,14
120512,15305024,-187.60045282587367,0.001,64,32,5000,ula,14
120544,15309088,-179.10635748375427,0.001,64,32,5000,ula,14
120576,15313152,-187.67414981047426,0.001,64,32,5000,ula,14
120608,15317216,-189.04552603575587,0.001,64,32,5000,ula,14
120640,15321280,-187.35689512927152,0.001,64,32,5000,ula,14
120672,15325344,-199.3957231492414,0.001,64,32,5000,ula,14
120704,15329408,-191.53787900939602,0.001,64,32,5000,ula,14
120736,15333472,-198.7117961014628,0.001,64,32,5000,ula,14
120768,15337536,-196.19435190821898,0.001,64,32,5000,ula,14
120800,15341600,-183.05573877300858,0.001,64,32,5000,ula,14
120832,15345664,-190.1588913578823,0.001,64,32,5000,ula,14
120864,15349728,-187.97824651662995,0.001,64,32,5000,ula,14
120896,15353792,-197.2248542869914,0.001,64,32,5000,ula,14
120928,15357856,-191.0575665721291,0.001,64,32,5000,ula,14
120960,15361920,-193.94576252174866,0.001,64,32,5000,ula,14
120992,15365984,-195.25305340808006,0.001,64,32,5000,ula,14
121024,15370048,-189.68329272934318,0.001,64,32,5000,ula,14
121056,15374112,-192.03879640519244,0.001,64,32,5000,ula,14
121088,15378176,-198.9535260913373,0.001,64,32,5000,ula,14
121120,15382240,-193.17828505347387,0.001,64,32,5000,ula,14
121152,15386304,-194.35851054676183,0.001,64,32,5000,ula,14
121184,15390368,-187.37698352706704,0.001,64,32,5000,ula,14
121216,15394432,-187.45224847088298,0.001,64,32,5000,ula,14
121248,15398496,-194.61704888413783,0.001,64,32,5000,ula,14
121280,15402560,-198.32662488823445,0.001,64,32,5000,ula,14
121312,15406624,-186.77443112781245,0.001,64,32,5000,ula,14
121344,15410688,-199.4007207083698,0.001,64,32,5000,ula,14
121376,15414752,-200.0412398294282,0.001,64,32,5000,ula,14
121408,15418816,-195.03297426482578,0.001,64,32,5000,ula,14
121440,15422880,-190.5601816092369,0.001,64,32,5000,ula,14
121472,15426944,-196.58512566740393,0.001,64,32,5000,ula,14
121504,15431008,-199.57521763939755,0.001,64,32,5000,ula,14
121536,15435072,-194.37269984322597,0.001,64,32,5000,ula,14
121568,15439136,-193.94857628575164,0.001,64,32,5000,ula,14
121600,15443200,-193.38119683726256,0.001,64,32,5000,ula,14
121632,15447264,-197.1289633936582,0.001,64,32,5000,ula,14
121664,15451328,-194.74520332743157,0.001,64,32,5000,ula,14
121696,15455392,-186.10272411379353,0.001,64,32,5000,ula,14
121728,15459456,-189.01806298714206,0.001,64,32,5000,ula,14
121760,15463520,-192.76563027400218,0.001,64,32,5000,ula,14
121792,15467584,-179.9740961098476,0.001,64,32,5000,ula,14
121824,15471648,-193.03523100414168,0.001,64,32,5000,ula,14
121856,15475712,-186.28761737722257,0.001,64,32,5000,ula,14
121888,15479776,-193.05626645171057,0.001,64,32,5000,ula,14
121920,15483840,-191.3666092758137,0.001,64,32,5000,ula,14
121952,15487904,-190.54688358521554,0.001,64,32,5000,ula,14
121984,15491968,-192.78185993133857,0.001,64,32,5000,ula,14
122016,15496032,-195.00998083363467,0.001,64,32,5000,ula,14
122048,15500096,-196.62269394045492,0.001,64,32,5000,ula,14
122080,15504160,-192.52221879619378,0.001,64,32,5000,ula,14
122112,15508224,-194.7132532317198,0.001,64,32,5000,ula,14
122144,15512288,-195.65772961812993,0.001,64,32,5000,ula,14
122176,15516352,-199.39992513349546,0.001,64,32,5000,ula,14
122208,15520416,-184.07753306033712,0.001,64,32,5000,ula,14
122240,15524480,-189.3910876227686,0.001,64,32,5000,ula,14
122272,15528544,-193.26746257382229,0.001,64,32,5000,ula,14
122304,15532608,-189.36001521650624,0.001,64,32,5000,ula,14
122336,15536672,-198.14332189858902,0.001,64,32,5000,ula,14
122368,15540736,-195.656054877203,0.001,64,32,5000,ula,14
122400,15544800,-194.76209402276473,0.001,64,32,5000,ula,14
122432,15548864,-182.57811118797164,0.001,64,32,5000,ula,14
122464,15552928,-190.67988926934166,0.001,64,32,5000,ula,14
122496,15556992,-195.72398966122915,0.001,64,32,5000,ula,14
122528,15561056,-187.7453946681497,0.001,64,32,5000,ula,14
122560,15565120,-194.81609663858114,0.001,64,32,5000,ula,14
122592,15569184,-188.9080936303063,0.001,64,32,5000,ula,14
122624,15573248,-194.3929610176638,0.001,64,32,5000,ula,14
122656,15577312,-194.86577400508884,0.001,64,32,5000,ula,14
122688,15581376,-193.64772633885846,0.001,64,32,5000,ula,14
122720,15585440,-191.42105514652334,0.001,64,32,5000,ula,14
122752,15589504,-187.33950925877764,0.001,64,32,5000,ula,14
122784,15593568,-183.97298926312362,0.001,64,32,5000,ula,14
122816,15597632,-197.04284941821246,0.001,64,32,5000,ula,14
122848,15601696,-193.31117124575238,0.001,64,32,5000,ula,14
122880,15605760,-196.77432198279013,0.001,64,32,5000,ula,14
122912,15609824,-195.9863813639314,0.001,64,32,5000,ula,14
122944,15613888,-185.3762392571086,0.001,64,32,5000,ula,14
122976,15617952,-187.70101848998473,0.001,64,32,5000,ula,14
123008,15622016,-198.68448863580258,0.001,64,32,5000,ula,14
123040,15626080,-190.62756574126902,0.001,64,32,5000,ula,14
123072,15630144,-191.57032584133339,0.001,64,32,5000,ula,14
123104,15634208,-192.33407436022836,0.001,64,32,5000,ula,14
123136,15638272,-191.29025171610536,0.001,64,32,5000,ula,14
123168,15642336,-194.8036196026813,0.001,64,32,5000,ula,14
123200,15646400,-198.6341481714192,0.001,64,32,5000,ula,14
123232,15650464,-188.07095674252633,0.001,64,32,5000,ula,14
123264,15654528,-191.2262022093809,0.001,64,32,5000,ula,14
123296,15658592,-193.29657662926317,0.001,64,32,5000,ula,14
123328,15662656,-189.9043460085747,0.001,64,32,5000,ula,14
123360,15666720,-195.23302324280476,0.001,64,32,5000,ula,14
123392,15670784,-187.3627927852112,0.001,64,32,5000,ula,14
123424,15674848,-185.44211665363719,0.001,64,32,5000,ula,14
123456,15678912,-184.2052920069709,0.001,64,32,5000,ula,14
123488,15682976,-189.0155794329361,0.001,64,32,5000,ula,14
123520,15687040,-195.88199731121148,0.001,64,32,5000,ula,14
123552,15691104,-183.26611048309272,0.001,64,32,5000,ula,14
123584,15695168,-195.48280444073868,0.001,64,32,5000,ula,14
123616,15699232,-192.69116484369155,0.001,64,32,5000,ula,14
123648,15703296,-197.80405697672776,0.001,64,32,5000,ula,14
123680,15707360,-190.54156209404653,0.001,64,32,5000,ula,14
123712,15711424,-191.65133632071726,0.001,64,32,5000,ula,14
123744,15715488,-197.9144196169671,0.001,64,32,5000,ula,14
123776,15719552,-191.6487395771668,0.001,64,32,5000,ula,14
123808,15723616,-195.60998605593556,0.001,64,32,5000,ula,14
123840,15727680,-190.82342520186074,0.001,64,32,5000,ula,14
123872,15731744,-190.7635356096732,0.001,64,32,5000,ula,14
123904,15735808,-195.6570911326662,0.001,64,32,5000,ula,14
123936,15739872,-197.37106409436845,0.001,64,32,5000,ula,14
123968,15743936,-192.88531360848754,0.001,64,32,5000,ula,14
124000,15748000,-190.790130789011,0.001,64,32,5000,ula,14
124032,15752064,-190.90450383232317,0.001,64,32,5000,ula,14
124064,15756128,-195.62220397876396,0.001,64,32,5000,ula,14
124096,15760192,-192.81419027877794,0.001,64,32,5000,ula,14
124128,15764256,-186.74671760550996,0.001,64,32,5000,ula,14
124160,15768320,-189.2311824132903,0.001,64,32,5000,ula,14
124192,15772384,-196.3828348933479,0.001,64,32,5000,ula,14
124224,15776448,-190.520113371092,0.001,64,32,5000,ula,14
124256,15780512,-197.43835242582006,0.001,64,32,5000,ula,14
124288,15784576,-196.0481095589919,0.001,64,32,5000,ula,14
124320,15788640,-195.52004525557734,0.001,64,32,5000,ula,14
124352,15792704,-189.7053730400108,0.001,64,32,5000,ula,14
124384,15796768,-193.22869210647116,0.001,64,32,5000,ula,14
124416,15800832,-195.30107568281957,0.001,64,32,5000,ula,14
124448,15804896,-194.1783772714543,0.001,64,32,5000,ula,14
124480,15808960,-193.9861245327546,0.001,64,32,5000,ula,14
124512,15813024,-188.3018053613291,0.001,64,32,5000,ula,14
124544,15817088,-196.8240397886538,0.001,64,32,5000,ula,14
124576,15821152,-194.24578654558945,0.001,64,32,5000,ula,14
124608,15825216,-194.10762171974986,0.001,64,32,5000,ula,14
124640,15829280,-186.51655033821845,0.001,64,32,5000,ula,14
124672,15833344,-184.26606140929323,0.001,64,32,5000,ula,14
124704,15837408,-187.94022209457833,0.001,64,32,5000,ula,14
124736,15841472,-189.59692946286643,0.001,64,32,5000,ula,14
124768,15845536,-185.3437234906811,0.001,64,32,5000,ula,14
124800,15849600,-190.38875156459204,0.001,64,32,5000,ula,14
124832,15853664,-193.88855520439145,0.001,64,32,5000,ula,14
124864,15857728,-181.88078779438982,0.001,64,32,5000,ula,14
124896,15861792,-197.68901437377684,0.001,64,32,5000,ula,14
124928,15865856,-192.4742156749234,0.001,64,32,5000,ula,14
124960,15869920,-187.51879034522347,0.001,64,32,5000,ula,14
124992,15873984,-199.14053617624148,0.001,64,32,5000,ula,14
125024,15878048,-193.2045242933457,0.001,64,32,5000,ula,14
125056,15882112,-193.03582076999686,0.001,64,32,5000,ula,14
125088,15886176,-193.93990958603496,0.001,64,32,5000,ula,14
125120,15890240,-190.54487868612213,0.001,64,32,5000,ula,14
125152,15894304,-191.8059845681082,0.001,64,32,5000,ula,14
125184,15898368,-190.47794319723405,0.001,64,32,5000,ula,14
125216,15902432,-199.20300595841147,0.001,64,32,5000,ula,14
125248,15906496,-199.52067252053206,0.001,64,32,5000,ula,14
125280,15910560,-198.1000244450943,0.001,64,32,5000,ula,14
125312,15914624,-194.87615568922376,0.001,64,32,5000,ula,14
125344,15918688,-188.28362836285658,0.001,64,32,5000,ula,14
125376,15922752,-192.41418754849016,0.001,64,32,5000,ula,14
125408,15926816,-189.72185811035962,0.001,64,32,5000,ula,14
125440,15930880,-192.56912333605203,0.001,64,32,5000,ula,14
125472,15934944,-191.341588679791,0.001,64,32,5000,ula,14
125504,15939008,-194.81885219550358,0.001,64,32,5000,ula,14
125536,15943072,-199.8026343973004,0.001,64,32,5000,ula,14
125568,15947136,-194.73746752409747,0.001,64,32,5000,ula,14
125600,15951200,-197.39136482292082,0.001,64,32,5000,ula,14
125632,15955264,-198.621150033613,0.001,64,32,5000,ula,14
125664,15959328,-185.29988947005836,0.001,64,32,5000,ula,14
125696,15963392,-194.93471660490675,0.001,64,32,5000,ula,14
125728,15967456,-195.82542993912944,0.001,64,32,5000,ula,14
125760,15971520,-192.24356243526924,0.001,64,32,5000,ula,14
125792,15975584,-197.8344784173312,0.001,64,32,5000,ula,14
125824,15979648,-193.43220325258622,0.001,64,32,5000,ula,14
125856,15983712,-195.63795343215097,0.001,64,32,5000,ula,14
125888,15987776,-187.66285424389997,0.001,64,32,5000,ula,14
125920,15991840,-190.41442546491623,0.001,64,32,5000,ula,14
125952,15995904,-188.94681221069496,0.001,64,32,5000,ula,14
125984,15999968,-190.72206446902922,0.001,64,32,5000,ula,14
126016,16004032,-195.15038441222626,0.001,64,32,5000,ula,14
126048,16008096,-180.18578156835355,0.001,64,32,5000,ula,14
126080,16012160,-191.8671136482742,0.001,64,32,5000,ula,14
126112,16016224,-200.20862144276722,0.001,64,32,5000,ula,14
126144,16020288,-193.14498798784632,0.001,64,32,5000,ula,14
126176,16024352,-192.54542684610396,0.001,64,32,5000,ula,14
126208,16028416,-192.16097784634505,0.001,64,32,5000,ula,14
126240,16032480,-194.75383271336437,0.001,64,32,5000,ula,14
126272,16036544,-198.0482878386111,0.001,64,32,5000,ula,14
126304,16040608,-193.93245937002084,0.001,64,32,5000,ula,14
126336,16044672,-186.4168973049343,0.001,64,32,5000,ula,14
126368,16048736,-188.29413566382405,0.001,64,32,5000,ula,14
126400,16052800,-195.0493245743034,0.001,64,32,5000,ula,14
126432,16056864,-189.46653243564793,0.001,64,32,5000,ula,14
126464,16060928,-186.13785700837155,0.001,64,32,5000,ula,14
126496,16064992,-195.7320840433913,0.001,64,32,5000,ula,14
126528,16069056,-193.1591038708319,0.001,64,32,5000,ula,14
126560,16073120,-187.42375671987054,0.001,64,32,5000,ula,14
126592,16077184,-186.66456153980772,0.001,64,32,5000,ula,14
126624,16081248,-190.65655949014612,0.001,64,32,5000,ula,14
126656,16085312,-197.73849314798105,0.001,64,32,5000,ula,14
126688,16089376,-195.12031535831335,0.001,64,32,5000,ula,14
126720,16093440,-199.27033714779,0.001,64,32,5000,ula,14
126752,16097504,-197.7724464141353,0.001,64,32,5000,ula,14
126784,16101568,-187.3131988714325,0.001,64,32,5000,ula,14
126816,16105632,-185.22141321319125,0.001,64,32,5000,ula,14
126848,16109696,-191.92829635383652,0.001,64,32,5000,ula,14
126880,16113760,-187.20849485519733,0.001,64,32,5000,ula,14
126912,16117824,-199.70394979486142,0.001,64,32,5000,ula,14
126944,16121888,-190.7353854400393,0.001,64,32,5000,ula,14
126976,16125952,-188.98306909161113,0.001,64,32,5000,ula,14
127008,16130016,-195.3033094978118,0.001,64,32,5000,ula,14
127040,16134080,-191.26637243725054,0.001,64,32,5000,ula,14
127072,16138144,-196.13705038062895,0.001,64,32,5000,ula,14
127104,16142208,-187.28435675513919,0.001,64,32,5000,ula,14
127136,16146272,-194.2101225006661,0.001,64,32,5000,ula,14
127168,16150336,-195.8214433017955,0.001,64,32,5000,ula,14
127200,16154400,-194.2958573653362,0.001,64,32,5000,ula,14
127232,16158464,-185.91977866187338,0.001,64,32,5000,ula,14
127264,16162528,-198.05156945572497,0.001,64,32,5000,ula,14
127296,16166592,-190.80789840471826,0.001,64,32,5000,ula,14
127328,16170656,-184.2950508707529,0.001,64,32,5000,ula,14
127360,16174720,-183.67000563546512,0.001,64,32,5000,ula,14
127392,16178784,-186.72138456562936,0.001,64,32,5000,ula,14
127424,16182848,-191.2200868972459,0.001,64,32,5000,ula,14
127456,16186912,-193.24900420204958,0.001,64,32,5000,ula,14
127488,16190976,-196.87190287609297,0.001,64,32,5000,ula,14
127520,16195040,-198.5013013710701,0.001,64,32,5000,ula,14
127552,16199104,-196.27580237163576,0.001,64,32,5000,ula,14
127584,16203168,-196.14684962941988,0.001,64,32,5000,ula,14
127616,16207232,-199.05106457417122,0.001,64,32,5000,ula,14
127648,16211296,-189.80055249286139,0.001,64,32,5000,ula,14
127680,16215360,-182.84861821677168,0.001,64,32,5000,ula,14
127712,16219424,-195.2024958950518,0.001,64,32,5000,ula,14
127744,16223488,-194.4215103255638,0.001,64,32,5000,ula,14
127776,16227552,-190.09136099970928,0.001,64,32,5000,ula,14
127808,16231616,-192.7970746123312,0.001,64,32,5000,ula,14
127840,16235680,-197.9490819838079,0.001,64,32,5000,ula,14
127872,16239744,-195.33743733179148,0.001,64,32,5000,ula,14
127904,16243808,-195.4300056680912,0.001,64,32,5000,ula,14
127936,16247872,-195.03666285547033,0.001,64,32,5000,ula,14
127968,16251936,-184.84621079840505,0.001,64,32,5000,ula,14
128000,16256000,-194.90091271151678,0.001,64,32,5000,ula,14
128032,16260064,-189.27653817452858,0.001,64,32,5000,ula,14
128064,16264128,-198.53288377630636,0.001,64,32,5000,ula,14
128096,16268192,-192.53189773448432,0.001,64,32,5000,ula,14
128128,16272256,-190.28519343282304,0.001,64,32,5000,ula,14
128160,16276320,-192.13063367361195,0.001,64,32,5000,ula,14
128192,16280384,-187.2610404852645,0.001,64,32,5000,ula,14
128224,16284448,-193.00067045179958,0.001,64,32,5000,ula,14
128256,16288512,-193.37703361175812,0.001,64,32,5000,ula,14
128288,16292576,-192.31893311563476,0.001,64,32,5000,ula,14
128320,16296640,-196.18767291570896,0.001,64,32,5000,ula,14
128352,16300704,-195.86108600398208,0.001,64,32,5000,ula,14
128384,16304768,-194.21076802857414,0.001,64,32,5000,ula,14
128416,16308832,-185.2915324637465,0.001,64,32,5000,ula,14
128448,16312896,-187.0450388687034,0.001,64,32,5000,ula,14
128480,16316960,-196.55756276758524,0.001,64,32,5000,ula,14
128512,16321024,-197.2413156803444,0.001,64,32,5000,ula,14
128544,16325088,-192.25002831852183,0.001,64,32,5000,ula,14
128576,16329152,-197.80833970457883,0.001,64,32,5000,ula,14
128608,16333216,-197.22765620509497,0.001,64,32,5000,ula,14
128640,16337280,-197.83382457630404,0.001,64,32,5000,ula,14
128672,16341344,-191.65924585892526,0.001,64,32,5000,ula,14
128704,16345408,-181.6420284424942,0.001,64,32,5000,ula,14
128736,16349472,-192.2227947048911,0.001,64,32,5000,ula,14
128768,16353536,-194.87058570734894,0.001,64,32,5000,ula,14
128800,16357600,-185.52441091570222,0.001,64,32,5000,ula,14
128832,16361664,-189.93871953882635,0.001,64,32,5000,ula,14
128864,16365728,-199.54281995369075,0.001,64,32,5000,ula,14
128896,16369792,-196.11160192747096,0.001,64,32,5000,ula,14
128928,16373856,-188.44822567763794,0.001,64,32,5000,ula,14
128960,16377920,-192.07389332298652,0.001,64,32,5000,ula,14
128992,16381984,-196.65075411572343,0.001,64,32,5000,ula,14
129024,16386048,-194.96584047343265,0.001,64,32,5000,ula,14
129056,16390112,-191.06647757377579,0.001,64,32,5000,ula,14
129088,16394176,-198.16386320663995,0.001,64,32,5000,ula,14
129120,16398240,-189.2449379812538,0.001,64,32,5000,ula,14
129152,16402304,-191.72243675844416,0.001,64,32,5000,ula,14
129184,16406368,-195.94551960190287,0.001,64,32,5000,ula,14
129216,16410432,-184.19230415808917,0.001,64,32,5000,ula,14
129248,16414496,-181.74591119740205,0.001,64,32,5000,ula,14
129280,16418560,-198.02949166894336,0.001,64,32,5000,ula,14
129312,16422624,-194.88866213443976,0.001,64,32,5000,ula,14
129344,16426688,-196.4388378801084,0.001,64,32,5000,ula,14
129376,16430752,-195.74749910954492,0.001,64,32,5000,ula,14
129408,16434816,-194.5118514606981,0.001,64,32,5000,ula,14
129440,16438880,-188.58067148291522,0.001,64,32,5000,ula,14
129472,16442944,-189.85518862542665,0.001,64,32,5000,ula,14
129504,16447008,-197.70266613902402,0.001,64,32,5000,ula,14
129536,16451072,-191.3656288776934,0.001,64,32,5000,ula,14
129568,16455136,-191.3957146033789,0.001,64,32,5000,ula,14
129600,16459200,-189.71123536295642,0.001,64,32,5000,ula,14
129632,16463264,-190.9984676367,0.001,64,32,5000,ula,14
129664,16467328,-189.9032217351014,0.001,64,32,5000,ula,14
129696,16471392,-193.39806341726407,0.001,64,32,5000,ula,14
129728,16475456,-185.33450399093755,0.001,64,32,5000,ula,14
129760,16479520,-188.388562775756,0.001,64,32,5000,ula,14
129792,16483584,-191.2465622046486,0.001,64,32,5000,ula,14
129824,16487648,-196.33875721431238,0.001,64,32,5000,ula,14
129856,16491712,-185.55965839450238,0.001,64,32,5000,ula,14
129888,16495776,-195.27453437547825,0.001,64,32,5000,ula,14
129920,16499840,-180.53414265729802,0.001,64,32,5000,ula,14
129952,16503904,-191.1336049956668,0.001,64,32,5000,ula,14
129984,16507968,-197.96403893534045,0.001,64,32,5000,ula,14
130016,16512032,-186.21378511082014,0.001,64,32,5000,ula,14
130048,16516096,-196.66644620843778,0.001,64,32,5000,ula,14
130080,16520160,-195.86156423361453,0.001,64,32,5000,ula,14
130112,16524224,-181.55123022009082,0.001,64,32,5000,ula,14
130144,16528288,-194.11692720503493,0.001,64,32,5000,ula,14
130176,16532352,-193.85573677322637,0.001,64,32,5000,ula,14
130208,16536416,-195.3695854653898,0.001,64,32,5000,ula,14
130240,16540480,-195.2426245759233,0.001,64,32,5000,ula,14
130272,16544544,-194.4152176406513,0.001,64,32,5000,ula,14
130304,16548608,-183.47100253009705,0.001,64,32,5000,ula,14
130336,16552672,-186.31795559871966,0.001,64,32,5000,ula,14
130368,16556736,-194.42242618146696,0.001,64,32,5000,ula,14
130400,16560800,-193.0176487663968,0.001,64,32,5000,ula,14
130432,16564864,-188.35618655325152,0.001,64,32,5000,ula,14
130464,16568928,-184.25180352116024,0.001,64,32,5000,ula,14
130496,16572992,-190.58587825600418,0.001,64,32,5000,ula,14
130528,16577056,-186.0949856728602,0.001,64,32,5000,ula,14
130560,16581120,-192.99016838008458,0.001,64,32,5000,ula,14
130592,16585184,-195.67746461647397,0.001,64,32,5000,ula,14
130624,16589248,-194.30340307286886,0.001,64,32,5000,ula,14
130656,16593312,-193.90837214644736,0.001,64,32,5000,ula,14
130688,16597376,-193.6682334693279,0.001,64,32,5000,ula,14
130720,16601440,-185.9056311014441,0.001,64,32,5000,ula,14
130752,16605504,-193.44052057820542,0.001,64,32,5000,ula,14
130784,16609568,-186.87678306932048,0.001,64,32,5000,ula,14
130816,16613632,-192.78628744912157,0.001,64,32,5000,ula,14
130848,16617696,-186.45734448052102,0.001,64,32,5000,ula,14
130880,16621760,-186.8673495377409,0.001,64,32,5000,ula,14
130912,16625824,-184.79255725265764,0.001,64,32,5000,ula,14
130944,16629888,-183.81087489513135,0.001,64,32,5000,ula,14
130976,16633952,-191.918750382886,0.001,64,32,5000,ula,14
131008,16638016,-194.62103408551772,0.001,64,32,5000,ula,14
131040,16642080,-196.02220693104064,0.001,64,32,5000,ula,14
131072,16646144,-191.43862118266296,0.001,64,32,5000,ula,14
131104,16650208,-197.1462187321464,0.001,64,32,5000,ula,14
131136,16654272,-198.236140746536,0.001,64,32,5000,ula,14
131168,16658336,-193.17279534071778,0.001,64,32,5000,ula,14
131200,16662400,-190.84026104481003,0.001,64,32,5000,ula,14
131232,16666464,-192.96822226915043,0.001,64,32,5000,ula,14
131264,16670528,-194.731083271358,0.001,64,32,5000,ula,14
131296,16674592,-195.21822347081758,0.001,64,32,5000,ula,14
131328,16678656,-181.36294235620025,0.001,64,32,5000,ula,14
131360,16682720,-186.5885267018722,0.001,64,32,5000,ula,14
131392,16686784,-195.44684693477097,0.001,64,32,5000,ula,14
131424,16690848,-191.43088736314962,0.001,64,32,5000,ula,14
131456,16694912,-191.2440541450651,0.001,64,32,5000,ula,14
131488,16698976,-199.97575838438627,0.001,64,32,5000,ula,14
131520,16703040,-182.61008741491284,0.001,64,32,5000,ula,14
131552,16707104,-185.354299841991,0.001,64,32,5000,ula,14
131584,16711168,-196.0534409377999,0.001,64,32,5000,ula,14
131616,16715232,-191.85583702719993,0.001,64,32,5000,ula,14
131648,16719296,-192.9395650466811,0.001,64,32,5000,ula,14
131680,16723360,-189.90723192256593,0.001,64,32,5000,ula,14
131712,16727424,-192.50101349517846,0.001,64,32,5000,ula,14
131744,16731488,-191.81729699775062,0.001,64,32,5000,ula,14
131776,16735552,-196.79083878447395,0.001,64,32,5000,ula,14
131808,16739616,-190.65746790871032,0.001,64,32,5000,ula,14
131840,16743680,-196.38202362599952,0.001,64,32,5000,ula,14
131872,16747744,-188.0915696767326,0.001,64,32,5000,ula,14
131904,16751808,-187.81155875210374,0.001,64,32,5000,ula,14
131936,16755872,-196.85667234557863,0.001,64,32,5000,ula,14
131968,16759936,-193.58854068081715,0.001,64,32,5000,ula,14
132000,16764000,-179.74159331738073,0.001,64,32,5000,ula,14
132032,16768064,-191.66712286502053,0.001,64,32,5000,ula,14
132064,16772128,-192.28163361204577,0.001,64,32,5000,ula,14
132096,16776192,-189.7133134103384,0.001,64,32,5000,ula,14
132128,16780256,-192.11138166212743,0.001,64,32,5000,ula,14
132160,16784320,-195.94079169649527,0.001,64,32,5000,ula,14
132192,16788384,-200.15719909071788,0.001,64,32,5000,ula,14
132224,16792448,-193.78867697205737,0.001,64,32,5000,ula,14
132256,16796512,-192.4601314713043,0.001,64,32,5000,ula,14
132288,16800576,-191.85546918595793,0.001,64,32,5000,ula,14
132320,16804640,-182.17721963746897,0.001,64,32,5000,ula,14
132352,16808704,-196.82320324324164,0.001,64,32,5000,ula,14
132384,16812768,-189.20428905695204,0.001,64,32,5000,ula,14
132416,16816832,-196.12412114797326,0.001,64,32,5000,ula,14
132448,16820896,-193.5814652447556,0.001,64,32,5000,ula,14
132480,16824960,-194.00973570593862,0.001,64,32,5000,ula,14
132512,16829024,-189.62335907709294,0.001,64,32,5000,ula,14
132544,16833088,-185.6432640802734,0.001,64,32,5000,ula,14
132576,16837152,-196.41779199598358,0.001,64,32,5000,ula,14
132608,16841216,-186.37555779780456,0.001,64,32,5000,ula,14
132640,16845280,-191.28777579764338,0.001,64,32,5000,ula,14
132672,16849344,-191.4732986646839,0.001,64,32,5000,ula,14
132704,16853408,-197.76415873137506,0.001,64,32,5000,ula,14
132736,16857472,-196.8493918115681,0.001,64,32,5000,ula,14
132768,16861536,-195.289867519384,0.001,64,32,5000,ula,14
132800,16865600,-198.0276042897746,0.001,64,32,5000,ula,14
132832,16869664,-196.23348610153477,0.001,64,32,5000,ula,14
132864,16873728,-192.05320535857666,0.001,64,32,5000,ula,14
132896,16877792,-195.68081298769337,0.001,64,32,5000,ula,14
132928,16881856,-190.8168197267087,0.001,64,32,5000,ula,14
132960,16885920,-200.32498373962977,0.001,64,32,5000,ula,14
132992,16889984,-192.32455601032183,0.001,64,32,5000,ula,14
133024,16894048,-185.97539885647475,0.001,64,32,5000,ula,14
133056,16898112,-198.32006125961217,0.001,64,32,5000,ula,14
133088,16902176,-194.1149605182609,0.001,64,32,5000,ula,14
133120,16906240,-186.46730623770713,0.001,64,32,5000,ula,14
133152,16910304,-191.4015327469418,0.001,64,32,5000,ula,14
133184,16914368,-196.38178675088935,0.001,64,32,5000,ula,14
133216,16918432,-189.25127566379422,0.001,64,32,5000,ula,14
133248,16922496,-183.56927687100313,0.001,64,32,5000,ula,14
133280,16926560,-183.98124915831912,0.001,64,32,5000,ula,14
133312,16930624,-193.02198438461875,0.001,64,32,5000,ula,14
133344,16934688,-201.04561427419438,0.001,64,32,5000,ula,14
133376,16938752,-190.1275056027949,0.001,64,32,5000,ula,14
133408,16942816,-199.39357477787595,0.001,64,32,5000,ula,14
133440,16946880,-194.787607763817,0.001,64,32,5000,ula,14
133472,16950944,-197.39939922498124,0.001,64,32,5000,ula,14
133504,16955008,-195.8605299390908,0.001,64,32,5000,ula,14
133536,16959072,-195.96287154264817,0.001,64,32,5000,ula,14
133568,16963136,-191.4738027825695,0.001,64,32,5000,ula,14
133600,16967200,-197.98745187159798,0.001,64,32,5000,ula,14
133632,16971264,-194.90535830917622,0.001,64,32,5000,ula,14
133664,16975328,-174.93100919368666,0.001,64,32,5000,ula,14
133696,16979392,-197.50751181536668,0.001,64,32,5000,ula,14
133728,16983456,-190.73560822200295,0.001,64,32,5000,ula,14
133760,16987520,-197.66798709350687,0.001,64,32,5000,ula,14
133792,16991584,-191.52809436349526,0.001,64,32,5000,ula,14
133824,16995648,-195.04109339808767,0.001,64,32,5000,ula,14
133856,16999712,-188.3362428412532,0.001,64,32,5000,ula,14
133888,17003776,-195.2216988585609,0.001,64,32,5000,ula,14
133920,17007840,-195.61148386304723,0.001,64,32,5000,ula,14
133952,17011904,-191.62073348629423,0.001,64,32,5000,ula,14
133984,17015968,-192.41602121258322,0.001,64,32,5000,ula,14
134016,17020032,-192.84581094683543,0.001,64,32,5000,ula,14
134048,17024096,-188.28902923223123,0.001,64,32,5000,ula,14
134080,17028160,-188.4575801088625,0.001,64,32,5000,ula,14
134112,17032224,-189.62588928481358,0.001,64,32,5000,ula,14
134144,17036288,-187.18620524373222,0.001,64,32,5000,ula,14
134176,17040352,-194.41312551178018,0.001,64,32,5000,ula,14
134208,17044416,-189.9579918232714,0.001,64,32,5000,ula,14
134240,17048480,-193.2691095128517,0.001,64,32,5000,ula,14
134272,17052544,-193.6955189168345,0.001,64,32,5000,ula,14
134304,17056608,-197.41769340040256,0.001,64,32,5000,ula,14
134336,17060672,-196.71677584432828,0.001,64,32,5000,ula,14
134368,17064736,-194.70318868304676,0.001,64,32,5000,ula,14
134400,17068800,-191.34681834612286,0.001,64,32,5000,ula,14
134432,17072864,-194.7321983430118,0.001,64,32,5000,ula,14
134464,17076928,-188.117349447521,0.001,64,32,5000,ula,14
134496,17080992,-188.13517415906873,0.001,64,32,5000,ula,14
134528,17085056,-196.41630651105666,0.001,64,32,5000,ula,14
134560,17089120,-190.03166644468627,0.001,64,32,5000,ula,14
134592,17093184,-195.7104896032602,0.001,64,32,5000,ula,14
134624,17097248,-186.98140126810978,0.001,64,32,5000,ula,14
134656,17101312,-188.44050333403885,0.001,64,32,5000,ula,14
134688,17105376,-191.76821098905768,0.001,64,32,5000,ula,14
134720,17109440,-199.72815979653353,0.001,64,32,5000,ula,14
134752,17113504,-196.09505436482044,0.001,64,32,5000,ula,14
134784,17117568,-187.4466455400659,0.001,64,32,5000,ula,14
134816,17121632,-198.49983282323763,0.001,64,32,5000,ula,14
134848,17125696,-185.0169768656532,0.001,64,32,5000,ula,14
134880,17129760,-196.4694361533607,0.001,64,32,5000,ula,14
134912,17133824,-194.0472459346986,0.001,64,32,5000,ula,14
134944,17137888,-196.03339274618588,0.001,64,32,5000,ula,14
134976,17141952,-192.85346722190724,0.001,64,32,5000,ula,14
135008,17146016,-188.94355692604984,0.001,64,32,5000,ula,14
135040,17150080,-191.79068533581412,0.001,64,32,5000,ula,14
135072,17154144,-193.8054977760198,0.001,64,32,5000,ula,14
135104,17158208,-198.5107977555766,0.001,64,32,5000,ula,14
135136,17162272,-194.87516902520863,0.001,64,32,5000,ula,14
135168,17166336,-185.33629858875298,0.001,64,32,5000,ula,14
135200,17170400,-196.42152037950956,0.001,64,32,5000,ula,14
135232,17174464,-193.41134520836084,0.001,64,32,5000,ula,14
135264,17178528,-197.22269835583018,0.001,64,32,5000,ula,14
135296,17182592,-191.3161832414876,0.001,64,32,5000,ula,14
135328,17186656,-196.48127974547697,0.001,64,32,5000,ula,14
135360,17190720,-178.5566264134166,0.001,64,32,5000,ula,14
135392,17194784,-195.35118898212252,0.001,64,32,5000,ula,14
135424,17198848,-188.2973017429848,0.001,64,32,5000,ula,14
135456,17202912,-190.57822826980455,0.001,64,32,5000,ula,14
135488,17206976,-195.70862660120298,0.001,64,32,5000,ula,14
135520,17211040,-187.78281960412153,0.001,64,32,5000,ula,14
135552,17215104,-191.16017998403208,0.001,64,32,5000,ula,14
135584,17219168,-193.17286227158112,0.001,64,32,5000,ula,14
135616,17223232,-187.65125718569487,0.001,64,32,5000,ula,14
135648,17227296,-196.30727409188077,0.001,64,32,5000,ula,14
135680,17231360,-191.59561874932857,0.001,64,32,5000,ula,14
135712,17235424,-185.1325701284711,0.001,64,32,5000,ula,14
135744,17239488,-194.99493738308664,0.001,64,32,5000,ula,14
135776,17243552,-193.05419742033504,0.001,64,32,5000,ula,14
135808,17247616,-196.4566083452294,0.001,64,32,5000,ula,14
135840,17251680,-193.07292436069923,0.001,64,32,5000,ula,14
135872,17255744,-192.38710554461656,0.001,64,32,5000,ula,14
135904,17259808,-189.74593536241474,0.001,64,32,5000,ula,14
135936,17263872,-184.3179610565301,0.001,64,32,5000,ula,14
135968,17267936,-193.25664058263325,0.001,64,32,5000,ula,14
136000,17272000,-190.65760333442543,0.001,64,32,5000,ula,14
136032,17276064,-193.39080973908787,0.001,64,32,5000,ula,14
136064,17280128,-196.99589290134605,0.001,64,32,5000,ula,14
136096,17284192,-193.5593506091003,0.001,64,32,5000,ula,14
136128,17288256,-193.75339711373866,0.001,64,32,5000,ula,14
136160,17292320,-197.63159380468974,0.001,64,32,5000,ula,14
136192,17296384,-185.68127060174845,0.001,64,32,5000,ula,14
136224,17300448,-194.0761749779987,0.001,64,32,5000,ula,14
136256,17304512,-191.50055774470997,0.001,64,32,5000,ula,14
136288,17308576,-195.53361769157627,0.001,64,32,5000,ula,14
136320,17312640,-188.69570153873693,0.001,64,32,5000,ula,14
136352,17316704,-185.5478036923055,0.001,64,32,5000,ula,14
136384,17320768,-194.5615220996607,0.001,64,32,5000,ula,14
136416,17324832,-193.7406454347297,0.001,64,32,5000,ula,14
136448,17328896,-191.57728870090327,0.001,64,32,5000,ula,14
136480,17332960,-190.81357752696852,0.001,64,32,5000,ula,14
136512,17337024,-189.19772773565316,0.001,64,32,5000,ula,14
136544,17341088,-194.90477151959777,0.001,64,32,5000,ula,14
136576,17345152,-194.3115819823056,0.001,64,32,5000,ula,14
136608,17349216,-189.65905628911744,0.001,64,32,5000,ula,14
136640,17353280,-196.14120735866678,0.001,64,32,5000,ula,14
136672,17357344,-193.42209802364647,0.001,64,32,5000,ula,14
136704,17361408,-192.03070710914213,0.001,64,32,5000,ula,14
136736,17365472,-185.3073237803743,0.001,64,32,5000,ula,14
136768,17369536,-197.37391246822648,0.001,64,32,5000,ula,14
136800,17373600,-196.73340082437753,0.001,64,32,5000,ula,14
136832,17377664,-193.85549816436466,0.001,64,32,5000,ula,14
136864,17381728,-184.4916314172387,0.001,64,32,5000,ula,14
136896,17385792,-194.28329809059284,0.001,64,32,5000,ula,14
136928,17389856,-192.49496844670801,0.001,64,32,5000,ula,14
136960,17393920,-191.85753089543581,0.001,64,32,5000,ula,14
136992,17397984,-190.94141465293038,0.001,64,32,5000,ula,14
137024,17402048,-188.01047208327498,0.001,64,32,5000,ula,14
137056,17406112,-194.42666611965998,0.001,64,32,5000,ula,14
137088,17410176,-188.45224716069524,0.001,64,32,5000,ula,14
137120,17414240,-190.45034302808182,0.001,64,32,5000,ula,14
137152,17418304,-187.93153278585356,0.001,64,32,5000,ula,14
137184,17422368,-181.50202773864928,0.001,64,32,5000,ula,14
137216,17426432,-181.88354648712692,0.001,64,32,5000,ula,14
137248,17430496,-192.55010029263903,0.001,64,32,5000,ula,14
137280,17434560,-188.66990224309495,0.001,64,32,5000,ula,14
137312,17438624,-191.77095210451145,0.001,64,32,5000,ula,14
137344,17442688,-198.2689881827874,0.001,64,32,5000,ula,14
137376,17446752,-194.339453184062,0.001,64,32,5000,ula,14
137408,17450816,-196.17799232939106,0.001,64,32,5000,ula,14
137440,17454880,-197.60607687688028,0.001,64,32,5000,ula,14
137472,17458944,-193.29765650631947,0.001,64,32,5000,ula,14
137504,17463008,-184.5051347933704,0.001,64,32,5000,ula,14
137536,17467072,-197.93423611077029,0.001,64,32,5000,ula,14
137568,17471136,-189.74725697106433,0.001,64,32,5000,ula,14
137600,17475200,-196.30343610923546,0.001,64,32,5000,ula,14
137632,17479264,-187.54617213281367,0.001,64,32,5000,ula,14
137664,17483328,-190.13539679048478,0.001,64,32,5000,ula,14
137696,17487392,-187.71458968375674,0.001,64,32,5000,ula,14
137728,17491456,-194.76327372865302,0.001,64,32,5000,ula,14
137760,17495520,-190.15144104625352,0.001,64,32,5000,ula,14
137792,17499584,-195.95554366206986,0.001,64,32,5000,ula,14
137824,17503648,-196.0797017095019,0.001,64,32,5000,ula,14
137856,17507712,-197.7818500510221,0.001,64,32,5000,ula,14
137888,17511776,-191.74078019351956,0.001,64,32,5000,ula,14
137920,17515840,-190.80207642048302,0.001,64,32,5000,ula,14
137952,17519904,-190.66705713890514,0.001,64,32,5000,ula,14
137984,17523968,-191.5773648384726,0.001,64,32,5000,ula,14
138016,17528032,-187.52826643016715,0.001,64,32,5000,ula,14
138048,17532096,-195.09845016966878,0.001,64,32,5000,ula,14
138080,17536160,-186.5991220751629,0.001,64,32,5000,ula,14
138112,17540224,-195.76733994803513,0.001,64,32,5000,ula,14
138144,17544288,-188.32339925507458,0.001,64,32,5000,ula,14
138176,17548352,-195.51123234383272,0.001,64,32,5000,ula,14
138208,17552416,-192.3079388352783,0.001,64,32,5000,ula,14
138240,17556480,-193.67168273314516,0.001,64,32,5000,ula,14
138272,17560544,-187.74495053199328,0.001,64,32,5000,ula,14
138304,17564608,-188.61664454177776,0.001,64,32,5000,ula,14
138336,17568672,-186.99646313864184,0.001,64,32,5000,ula,14
138368,17572736,-190.1395922341375,0.001,64,32,5000,ula,14
138400,17576800,-191.83606780546668,0.001,64,32,5000,ula,14
138432,17580864,-188.62271853097033,0.001,64,32,5000,ula,14
138464,17584928,-190.6924150343932,0.001,64,32,5000,ula,14
138496,17588992,-191.44059900788565,0.001,64,32,5000,ula,14
138528,17593056,-189.29285971253822,0.001,64,32,5000,ula,14
138560,17597120,-189.27800742180813,0.001,64,32,5000,ula,14
138592,17601184,-191.89254230591655,0.001,64,32,5000,ula,14
138624,17605248,-182.15910640901026,0.001,64,32,5000,ula,14
138656,17609312,-188.0054551008665,0.001,64,32,5000,ula,14
138688,17613376,-194.0929544023511,0.001,64,32,5000,ula,14
138720,17617440,-193.44048056424907,0.001,64,32,5000,ula,14
138752,17621504,-199.39774258629254,0.001,64,32,5000,ula,14
138784,17625568,-190.05811879107574,0.001,64,32,5000,ula,14
138816,17629632,-197.0706323712665,0.001,64,32,5000,ula,14
138848,17633696,-192.05985012135216,0.001,64,32,5000,ula,14
138880,17637760,-190.0723812865716,0.001,64,32,5000,ula,14
138912,17641824,-191.7949413774968,0.001,64,32,5000,ula,14
138944,17645888,-180.33708222952032,0.001,64,32,5000,ula,14
138976,17649952,-197.45260102603805,0.001,64,32,5000,ula,14
139008,17654016,-190.34128533027877,0.001,64,32,5000,ula,14
139040,17658080,-190.69654845198727,0.001,64,32,5000,ula,14
139072,17662144,-184.93599219045046,0.001,64,32,5000,ula,14
139104,17666208,-195.57546085424394,0.001,64,32,5000,ula,14
139136,17670272,-191.95944309588918,0.001,64,32,5000,ula,14
139168,17674336,-189.8229344575001,0.001,64,32,5000,ula,14
139200,17678400,-193.81194771230608,0.001,64,32,5000,ula,14
139232,17682464,-197.57401990849587,0.001,64,32,5000,ula,14
139264,17686528,-190.75143196712835,0.001,64,32,5000,ula,14
139296,17690592,-200.018085968277,0.001,64,32,5000,ula,14
139328,17694656,-183.80012360596132,0.001,64,32,5000,ula,14
139360,17698720,-192.43506486774777,0.001,64,32,5000,ula,14
139392,17702784,-191.484549926961,0.001,64,32,5000,ula,14
139424,17706848,-193.73578091918463,0.001,64,32,5000,ula,14
139456,17710912,-200.48343557072096,0.001,64,32,5000,ula,14
139488,17714976,-193.08419997008343,0.001,64,32,5000,ula,14
139520,17719040,-196.12098702284888,0.001,64,32,5000,ula,14
139552,17723104,-185.21981498133164,0.001,64,32,5000,ula,14
139584,17727168,-196.573066693436,0.001,64,32,5000,ula,14
139616,17731232,-189.84980023413343,0.001,64,32,5000,ula,14
139648,17735296,-193.33732481393653,0.001,64,32,5000,ula,14
139680,17739360,-195.0969610346214,0.001,64,32,5000,ula,14
139712,17743424,-193.07556305680095,0.001,64,32,5000,ula,14
139744,17747488,-183.72165516417817,0.001,64,32,5000,ula,14
139776,17751552,-192.6258115407527,0.001,64,32,5000,ula,14
139808,17755616,-188.84662400974432,0.001,64,32,5000,ula,14
139840,17759680,-194.66111604509604,0.001,64,32,5000,ula,14
139872,17763744,-193.5937688442264,0.001,64,32,5000,ula,14
139904,17767808,-192.3319953176702,0.001,64,32,5000,ula,14
139936,17771872,-192.37394943304562,0.001,64,32,5000,ula,14
139968,17775936,-187.44023429394323,0.001,64,32,5000,ula,14
140000,17780000,-192.93055681621635,0.001,64,32,5000,ula,14
140032,17784064,-186.3081082581897,0.001,64,32,5000,ula,14
140064,17788128,-196.03941672223624,0.001,64,32,5000,ula,14
140096,17792192,-194.64458651988434,0.001,64,32,5000,ula,14
140128,17796256,-178.07757792800714,0.001,64,32,5000,ula,14
140160,17800320,-194.35464091957547,0.001,64,32,5000,ula,14
140192,17804384,-185.8368308357416,0.001,64,32,5000,ula,14
140224,17808448,-184.2022428038895,0.001,64,32,5000,ula,14
140256,17812512,-188.21904996195082,0.001,64,32,5000,ula,14
140288,17816576,-187.47945851431246,0.001,64,32,5000,ula,14
140320,17820640,-188.05652603388722,0.001,64,32,5000,ula,14
140352,17824704,-192.16898301500487,0.001,64,32,5000,ula,14
140384,17828768,-195.18207930252095,0.001,64,32,5000,ula,14
140416,17832832,-190.81401404808653,0.001,64,32,5000,ula,14
140448,17836896,-192.50229465177324,0.001,64,32,5000,ula,14
140480,17840960,-193.33530494432395,0.001,64,32,5000,ula,14
140512,17845024,-192.05579403296818,0.001,64,32,5000,ula,14
140544,17849088,-196.7680094416717,0.001,64,32,5000,ula,14
140576,17853152,-195.92299017467178,0.001,64,32,5000,ula,14
140608,17857216,-199.68660464548813,0.001,64,32,5000,ula,14
140640,17861280,-188.4604865462213,0.001,64,32,5000,ula,14
140672,17865344,-196.6705249319035,0.001,64,32,5000,ula,14
140704,17869408,-192.58754960070027,0.001,64,32,5000,ula,14
140736,17873472,-192.95753659206733,0.001,64,32,5000,ula,14
140768,17877536,-192.59300510083625,0.001,64,32,5000,ula,14
140800,17881600,-193.0578496520335,0.001,64,32,5000,ula,14
140832,17885664,-185.89637521092982,0.001,64,32,5000,ula,14
140864,17889728,-198.76470009001736,0.001,64,32,5000,ula,14
140896,17893792,-185.8100673390155,0.001,64,32,5000,ula,14
140928,17897856,-193.975263907915,0.001,64,32,5000,ula,14
140960,17901920,-195.26570930127,0.001,64,32,5000,ula,14
140992,17905984,-192.17285031617507,0.001,64,32,5000,ula,14
141024,17910048,-191.31462833684816,0.001,64,32,5000,ula,14
141056,17914112,-191.5657588333644,0.001,64,32,5000,ula,14
141088,17918176,-179.08188905755318,0.001,64,32,5000,ula,14
141120,17922240,-195.562407896009,0.001,64,32,5000,ula,14
141152,17926304,-192.47997577259088,0.001,64,32,5000,ula,14
141184,17930368,-196.12018448263532,0.001,64,32,5000,ula,14
141216,17934432,-194.75304089144834,0.001,64,32,5000,ula,14
141248,17938496,-193.08581914823785,0.001,64,32,5000,ula,14
141280,17942560,-187.7073673324262,0.001,64,32,5000,ula,14
141312,17946624,-174.40074805292403,0.001,64,32,5000,ula,14
141344,17950688,-191.9482615662271,0.001,64,32,5000,ula,14
141376,17954752,-188.9070891035089,0.001,64,32,5000,ula,14
141408,17958816,-192.03418360662258,0.001,64,32,5000,ula,14
141440,17962880,-191.95275512497582,0.001,64,32,5000,ula,14
141472,17966944,-196.67828704057368,0.001,64,32,5000,ula,14
141504,17971008,-192.34849565031053,0.001,64,32,5000,ula,14
141536,17975072,-185.27679613971972,0.001,64,32,5000,ula,14
141568,17979136,-199.87377842002576,0.001,64,32,5000,ula,14
141600,17983200,-194.22315609616888,0.001,64,32,5000,ula,14
141632,17987264,-192.35309789447595,0.001,64,32,5000,ula,14
141664,17991328,-194.6436978429144,0.001,64,32,5000,ula,14
141696,17995392,-190.6064054231392,0.001,64,32,5000,ula,14
141728,17999456,-184.07430835137876,0.001,64,32,5000,ula,14
141760,18003520,-185.13390090934487,0.001,64,32,5000,ula,14
141792,18007584,-180.0519138071606,0.001,64,32,5000,ula,14
141824,18011648,-186.43237258322003,0.001,64,32,5000,ula,14
141856,18015712,-192.92573695738497,0.001,64,32,5000,ula,14
141888,18019776,-193.6074074707747,0.001,64,32,5000,ula,14
141920,18023840,-188.5736657764686,0.001,64,32,5000,ula,14
141952,18027904,-189.49932279504412,0.001,64,32,5000,ula,14
141984,18031968,-192.70135591711065,0.001,64,32,5000,ula,14
142016,18036032,-188.01241836941745,0.001,64,32,5000,ula,14
142048,18040096,-191.23856494409782,0.001,64,32,5000,ula,14
142080,18044160,-193.54965905257953,0.001,64,32,5000,ula,14
142112,18048224,-188.5457149389918,0.001,64,32,5000,ula,14
142144,18052288,-189.09435287143089,0.001,64,32,5000,ula,14
142176,18056352,-185.50684621030481,0.001,64,32,5000,ula,14
142208,18060416,-194.2604469601126,0.001,64,32,5000,ula,14
142240,18064480,-181.7298351773506,0.001,64,32,5000,ula,14
142272,18068544,-193.8871544768303,0.001,64,32,5000,ula,14
142304,18072608,-192.49270900753862,0.001,64,32,5000,ula,14
142336,18076672,-189.39410371766684,0.001,64,32,5000,ula,14
142368,18080736,-183.61459591979548,0.001,64,32,5000,ula,14
142400,18084800,-191.6793997283824,0.001,64,32,5000,ula,14
142432,18088864,-199.17740104775618,0.001,64,32,5000,ula,14
142464,18092928,-194.79640356479493,0.001,64,32,5000,ula,14
142496,18096992,-188.0157692190176,0.001,64,32,5000,ula,14
142528,18101056,-183.70388784309316,0.001,64,32,5000,ula,14
142560,18105120,-197.26277603795688,0.001,64,32,5000,ula,14
142592,18109184,-192.58393070134557,0.001,64,32,5000,ula,14
142624,18113248,-194.52794348093948,0.001,64,32,5000,ula,14
142656,18117312,-188.3471356436946,0.001,64,32,5000,ula,14
142688,18121376,-187.85599479984936,0.001,64,32,5000,ula,14
142720,18125440,-194.59441242744,0.001,64,32,5000,ula,14
142752,18129504,-193.4955711695182,0.001,64,32,5000,ula,14
142784,18133568,-187.30034497681288,0.001,64,32,5000,ula,14
142816,18137632,-196.01669572360797,0.001,64,32,5000,ula,14
142848,18141696,-196.0717137739587,0.001,64,32,5000,ula,14
142880,18145760,-191.0152022705264,0.001,64,32,5000,ula,14
142912,18149824,-194.6762204879899,0.001,64,32,5000,ula,14
142944,18153888,-183.08747920164186,0.001,64,32,5000,ula,14
142976,18157952,-189.9155829761778,0.001,64,32,5000,ula,14
143008,18162016,-193.38696575556668,0.001,64,32,5000,ula,14
143040,18166080,-196.88814598492834,0.001,64,32,5000,ula,14
143072,18170144,-192.8305939598539,0.001,64,32,5000,ula,14
143104,18174208,-186.97246417709482,0.001,64,32,5000,ula,14
143136,18178272,-196.68816239229255,0.001,64,32,5000,ula,14
143168,18182336,-189.060242619866,0.001,64,32,5000,ula,14
143200,18186400,-192.7640403650355,0.001,64,32,5000,ula,14
143232,18190464,-192.79878780399255,0.001,64,32,5000,ula,14
143264,18194528,-191.1063327066646,0.001,64,32,5000,ula,14
143296,18198592,-197.59263685180093,0.001,64,32,5000,ula,14
143328,18202656,-184.98411434829447,0.001,64,32,5000,ula,14
143360,18206720,-190.48899415930416,0.001,64,32,5000,ula,14
143392,18210784,-190.73277550208226,0.001,64,32,5000,ula,14
143424,18214848,-185.56003101708268,0.001,64,32,5000,ula,14
143456,18218912,-192.60693294260906,0.001,64,32,5000,ula,14
143488,18222976,-192.4233666148877,0.001,64,32,5000,ula,14
143520,18227040,-196.3085966672474,0.001,64,32,5000,ula,14
143552,18231104,-185.0353300233196,0.001,64,32,5000,ula,14
143584,18235168,-191.66138082777053,0.001,64,32,5000,ula,14
143616,18239232,-191.64009983872327,0.001,64,32,5000,ula,14
143648,18243296,-195.9035330854331,0.001,64,32,5000,ula,14
143680,18247360,-184.97071098996065,0.001,64,32,5000,ula,14
143712,18251424,-187.43439986651407,0.001,64,32,5000,ula,14
143744,18255488,-181.09717160955475,0.001,64,32,5000,ula,14
143776,18259552,-186.38845549978168,0.001,64,32,5000,ula,14
143808,18263616,-189.3050125929034,0.001,64,32,5000,ula,14
143840,18267680,-192.73480551612408,0.001,64,32,5000,ula,14
143872,18271744,-184.9586681339697,0.001,64,32,5000,ula,14
143904,18275808,-194.920396121492,0.001,64,32,5000,ula,14
143936,18279872,-195.83719389448748,0.001,64,32,5000,ula,14
143968,18283936,-195.80618306643248,0.001,64,32,5000,ula,14
144000,18288000,-195.28292967646755,0.001,64,32,5000,ula,14
144032,18292064,-193.03545187478574,0.001,64,32,5000,ula,14
144064,18296128,-191.9191748833372,0.001,64,32,5000,ula,14
144096,18300192,-187.36147237235232,0.001,64,32,5000,ula,14
144128,18304256,-189.458302837321,0.001,64,32,5000,ula,14
144160,18308320,-191.101717228968,0.001,64,32,5000,ula,14
144192,18312384,-184.27630003134345,0.001,64,32,5000,ula,14
144224,18316448,-190.24670101884948,0.001,64,32,5000,ula,14
144256,18320512,-197.84682569105252,0.001,64,32,5000,ula,14
144288,18324576,-194.64622439708967,0.001,64,32,5000,ula,14
144320,18328640,-195.49618812169197,0.001,64,32,5000,ula,14
144352,18332704,-188.97896394895764,0.001,64,32,5000,ula,14
144384,18336768,-187.87527366414423,0.001,64,32,5000,ula,14
144416,18340832,-193.76897483786226,0.001,64,32,5000,ula,14
144448,18344896,-194.1389656239792,0.001,64,32,5000,ula,14
144480,18348960,-190.52271210395426,0.001,64,32,5000,ula,14
144512,18353024,-192.92303420456216,0.001,64,32,5000,ula,14
144544,18357088,-186.37108830150305,0.001,64,32,5000,ula,14
144576,18361152,-182.84394289040188,0.001,64,32,5000,ula,14
144608,18365216,-192.5143711887984,0.001,64,32,5000,ula,14
144640,18369280,-191.57204611494652,0.001,64,32,5000,ula,14
144672,18373344,-187.60655442153458,0.001,64,32,5000,ula,14
144704,18377408,-194.9727445461842,0.001,64,32,5000,ula,14
144736,18381472,-196.49770752160893,0.001,64,32,5000,ula,14
144768,18385536,-185.43652261837732,0.001,64,32,5000,ula,14
144800,18389600,-195.32350987643184,0.001,64,32,5000,ula,14
144832,18393664,-193.19030516649585,0.001,64,32,5000,ula,14
144864,18397728,-181.95990202037132,0.001,64,32,5000,ula,14
144896,18401792,-191.98717470845338,0.001,64,32,5000,ula,14
144928,18405856,-188.41755065507206,0.001,64,32,5000,ula,14
144960,18409920,-192.8086997285632,0.001,64,32,5000,ula,14
144992,18413984,-190.7904061927873,0.001,64,32,5000,ula,14
145024,18418048,-178.34403696130246,0.001,64,32,5000,ula,14
145056,18422112,-195.06030898555318,0.001,64,32,5000,ula,14
145088,18426176,-190.5492283278163,0.001,64,32,5000,ula,14
145120,18430240,-189.81039815260843,0.001,64,32,5000,ula,14
145152,18434304,-187.93530257835405,0.001,64,32,5000,ula,14
145184,18438368,-190.41070228151628,0.001,64,32,5000,ula,14
145216,18442432,-188.14334980601524,0.001,64,32,5000,ula,14
145248,18446496,-181.86814922287823,0.001,64,32,5000,ula,14
145280,18450560,-194.11731246632596,0.001,64,32,5000,ula,14
145312,18454624,-186.51367089184146,0.001,64,32,5000,ula,14
145344,18458688,-178.3092517310111,0.001,64,32,5000,ula,14
145376,18462752,-193.59120435139633,0.001,64,32,5000,ula,14
145408,18466816,-192.54718761806106,0.001,64,32,5000,ula,14
145440,18470880,-190.89664251898301,0.001,64,32,5000,ula,14
145472,18474944,-187.63717423846694,0.001,64,32,5000,ula,14
145504,18479008,-186.20706431450373,0.001,64,32,5000,ula,14
145536,18483072,-184.4568784925589,0.001,64,32,5000,ula,14
145568,18487136,-188.20296311938688,0.001,64,32,5000,ula,14
145600,18491200,-189.88837387917474,0.001,64,32,5000,ula,14
145632,18495264,-191.85402434729346,0.001,64,32,5000,ula,14
145664,18499328,-197.87875881306059,0.001,64,32,5000,ula,14
145696,18503392,-188.20016420879108,0.001,64,32,5000,ula,14
145728,18507456,-188.05374831917135,0.001,64,32,5000,ula,14
145760,18511520,-191.6309902437205,0.001,64,32,5000,ula,14
145792,18515584,-186.26038893400525,0.001,64,32,5000,ula,14
145824,18519648,-189.77983713939736,0.001,64,32,5000,ula,14
145856,18523712,-189.62061346788073,0.001,64,32,5000,ula,14
145888,18527776,-184.3970189609755,0.001,64,32,5000,ula,14
145920,18531840,-194.38159664122114,0.001,64,32,5000,ula,14
145952,18535904,-194.98154311054375,0.001,64,32,5000,ula,14
145984,18539968,-194.60948823728484,0.001,64,32,5000,ula,14
146016,18544032,-189.29363554295688,0.001,64,32,5000,ula,14
146048,18548096,-189.54618058073459,0.001,64,32,5000,ula,14
146080,18552160,-187.16790984419305,0.001,64,32,5000,ula,14
146112,18556224,-195.36407332617347,0.001,64,32,5000,ula,14
146144,18560288,-191.67604965080173,0.001,64,32,5000,ula,14
146176,18564352,-198.11939414724608,0.001,64,32,5000,ula,14
146208,18568416,-199.76385489645398,0.001,64,32,5000,ula,14
146240,18572480,-190.3885389562314,0.001,64,32,5000,ula,14
146272,18576544,-192.88285248098623,0.001,64,32,5000,ula,14
146304,18580608,-193.6543542672337,0.001,64,32,5000,ula,14
146336,18584672,-191.509261614974,0.001,64,32,5000,ula,14
146368,18588736,-195.25797765810324,0.001,64,32,5000,ula,14
146400,18592800,-188.44393056410175,0.001,64,32,5000,ula,14
146432,18596864,-193.3051621137706,0.001,64,32,5000,ula,14
146464,18600928,-193.4012005528298,0.001,64,32,5000,ula,14
146496,18604992,-193.26372215062426,0.001,64,32,5000,ula,14
146528,18609056,-182.4729594367315,0.001,64,32,5000,ula,14
146560,18613120,-189.03741273699504,0.001,64,32,5000,ula,14
146592,18617184,-190.29868731411335,0.001,64,32,5000,ula,14
146624,18621248,-197.17904618989962,0.001,64,32,5000,ula,14
146656,18625312,-197.00977731061116,0.001,64,32,5000,ula,14
146688,18629376,-190.98066162133998,0.001,64,32,5000,ula,14
146720,18633440,-190.54145338631494,0.001,64,32,5000,ula,14
146752,18637504,-189.012437911683,0.001,64,32,5000,ula,14
146784,18641568,-190.97964833627904,0.001,64,32,5000,ula,14
146816,18645632,-185.9378308015066,0.001,64,32,5000,ula,14
146848,18649696,-190.9800350032506,0.001,64,32,5000,ula,14
146880,18653760,-189.6629812945157,0.001,64,32,5000,ula,14
146912,18657824,-183.22581475050086,0.001,64,32,5000,ula,14
146944,18661888,-192.2874478661089,0.001,64,32,5000,ula,14
146976,18665952,-190.9850186943433,0.001,64,32,5000,ula,14
147008,18670016,-194.3271108004709,0.001,64,32,5000,ula,14
147040,18674080,-180.4307311216528,0.001,64,32,5000,ula,14
147072,18678144,-193.1346654762035,0.001,64,32,5000,ula,14
147104,18682208,-193.52227451463898,0.001,64,32,5000,ula,14
147136,18686272,-187.35764198920512,0.001,64,32,5000,ula,14
147168,18690336,-182.0968140696531,0.001,64,32,5000,ula,14
147200,18694400,-194.32334103769998,0.001,64,32,5000,ula,14
147232,18698464,-193.70227354227464,0.001,64,32,5000,ula,14
147264,18702528,-195.949629363321,0.001,64,32,5000,ula,14
147296,18706592,-182.32775195092032,0.001,64,32,5000,ula,14
147328,18710656,-189.5004530750709,0.001,64,32,5000,ula,14
147360,18714720,-195.24779967282788,0.001,64,32,5000,ula,14
147392,18718784,-194.88725581618814,0.001,64,32,5000,ula,14
147424,18722848,-196.28301495111575,0.001,64,32,5000,ula,14
147456,18726912,-190.23790944548082,0.001,64,32,5000,ula,14
147488,18730976,-182.49209016863117,0.001,64,32,5000,ula,14
147520,18735040,-178.93936686969994,0.001,64,32,5000,ula,14
147552,18739104,-193.34690737273425,0.001,64,32,5000,ula,14
147584,18743168,-194.09828059345404,0.001,64,32,5000,ula,14
147616,18747232,-175.94604556558784,0.001,64,32,5000,ula,14
147648,18751296,-186.175799004272,0.001,64,32,5000,ula,14
147680,18755360,-186.972143018203,0.001,64,32,5000,ula,14
147712,18759424,-199.87316720252318,0.001,64,32,5000,ula,14
147744,18763488,-190.50322176775595,0.001,64,32,5000,ula,14
147776,18767552,-182.35618521672956,0.001,64,32,5000,ula,14
147808,18771616,-191.0184864502046,0.001,64,32,5000,ula,14
147840,18775680,-195.18258498343218,0.001,64,32,5000,ula,14
147872,18779744,-193.20929595969028,0.001,64,32,5000,ula,14
147904,18783808,-186.9800603592885,0.001,64,32,5000,ula,14
147936,18787872,-192.6417349081253,0.001,64,32,5000,ula,14
147968,18791936,-180.06468278536113,0.001,64,32,5000,ula,14
148000,18796000,-187.8336913397146,0.001,64,32,5000,ula,14
148032,18800064,-189.26397398236122,0.001,64,32,5000,ula,14
148064,18804128,-195.17786944740948,0.001,64,32,5000,ula,14
148096,18808192,-192.2852289780364,0.001,64,32,5000,ula,14
148128,18812256,-186.51197388246837,0.001,64,32,5000,ula,14
148160,18816320,-191.8664629425831,0.001,64,32,5000,ula,14
148192,18820384,-190.02058204090432,0.001,64,32,5000,ula,14
148224,18824448,-185.66152171946587,0.001,64,32,5000,ula,14
148256,18828512,-185.7375306803368,0.001,64,32,5000,ula,14
148288,18832576,-188.88288521842873,0.001,64,32,5000,ula,14
148320,18836640,-190.63466230635925,0.001,64,32,5000,ula,14
148352,18840704,-198.0102300930508,0.001,64,32,5000,ula,14
148384,18844768,-194.4119403695104,0.001,64,32,5000,ula,14
148416,18848832,-191.97436363737057,0.001,64,32,5000,ula,14
148448,18852896,-195.33402423292276,0.001,64,32,5000,ula,14
148480,18856960,-191.73962892166722,0.001,64,32,5000,ula,14
148512,18861024,-195.98550558535288,0.001,64,32,5000,ula,14
148544,18865088,-195.33440015508538,0.001,64,32,5000,ula,14
148576,18869152,-185.1183250312421,0.001,64,32,5000,ula,14
148608,18873216,-192.29473310957624,0.001,64,32,5000,ula,14
148640,18877280,-185.99844935263297,0.001,64,32,5000,ula,14
148672,18881344,-186.43998752005024,0.001,64,32,5000,ula,14
148704,18885408,-189.3091241425731,0.001,64,32,5000,ula,14
148736,18889472,-189.4767166350645,0.001,64,32,5000,ula,14
148768,18893536,-194.24733547217193,0.001,64,32,5000,ula,14
148800,18897600,-187.05075675057088,0.001,64,32,5000,ula,14
148832,18901664,-190.30917119708684,0.001,64,32,5000,ula,14
148864,18905728,-191.09686344240308,0.001,64,32,5000,ula,14
148896,18909792,-184.95457572112682,0.001,64,32,5000,ula,14
148928,18913856,-191.4018264887744,0.001,64,32,5000,ula,14
148960,18917920,-185.83110209527632,0.001,64,32,5000,ula,14
148992,18921984,-180.3271769350357,0.001,64,32,5000,ula,14
149024,18926048,-192.03841626237937,0.001,64,32,5000,ula,14
149056,18930112,-192.03541972439072,0.001,64,32,5000,ula,14
149088,18934176,-196.92801430012383,0.001,64,32,5000,ula,14
149120,18938240,-190.28392476060503,0.001,64,32,5000,ula,14
149152,18942304,-186.1729379396238,0.001,64,32,5000,ula,14
149184,18946368,-191.47689365680182,0.001,64,32,5000,ula,14
149216,18950432,-192.88859264646754,0.001,64,32,5000,ula,14
149248,18954496,-184.43954032863917,0.001,64,32,5000,ula,14
149280,18958560,-195.43596333302773,0.001,64,32,5000,ula,14
149312,18962624,-197.3143926136738,0.001,64,32,5000,ula,14
149344,18966688,-191.9813606516955,0.001,64,32,5000,ula,14
149376,18970752,-187.3928462508096,0.001,64,32,5000,ula,14
149408,18974816,-191.45298657185563,0.001,64,32,5000,ula,14
149440,18978880,-192.99213866643544,0.001,64,32,5000,ula,14
149472,18982944,-197.0811071207965,0.001,64,32,5000,ula,14
149504,18987008,-189.00431376490263,0.001,64,32,5000,ula,14
149536,18991072,-186.8158526272598,0.001,64,32,5000,ula,14
149568,18995136,-195.75481802458134,0.001,64,32,5000,ula,14
149600,18999200,-186.6425897670778,0.001,64,32,5000,ula,14
149632,19003264,-193.65826464180586,0.001,64,32,5000,ula,14
149664,19007328,-189.3003259319015,0.001,64,32,5000,ula,14
149696,19011392,-189.20294186919787,0.001,64,32,5000,ula,14
149728,19015456,-182.47416610982688,0.001,64,32,5000,ula,14
149760,19019520,-190.34818451254827,0.001,64,32,5000,ula,14
149792,19023584,-192.12035781248488,0.001,64,32,5000,ula,14
149824,19027648,-192.06594341806635,0.001,64,32,5000,ula,14
149856,19031712,-197.93866674408633,0.001,64,32,5000,ula,14
149888,19035776,-190.63224599461273,0.001,64,32,5000,ula,14
149920,19039840,-194.42376860260987,0.001,64,32,5000,ula,14
149952,19043904,-195.20563851467614,0.001,64,32,5000,ula,14
149984,19047968,-177.74197912471823,0.001,64,32,5000,ula,14
150016,19052032,-191.04396773589227,0.001,64,32,5000,ula,14
150048,19056096,-183.42518308902035,0.001,64,32,5000,ula,14
150080,19060160,-191.19313543480848,0.001,64,32,5000,ula,14
150112,19064224,-192.2607833000836,0.001,64,32,5000,ula,14
150144,19068288,-187.61550840409387,0.001,64,32,5000,ula,14
150176,19072352,-182.22782741420917,0.001,64,32,5000,ula,14
150208,19076416,-191.05642576803822,0.001,64,32,5000,ula,14
150240,19080480,-194.96682563264815,0.001,64,32,5000,ula,14
150272,19084544,-188.48851394581527,0.001,64,32,5000,ula,14
150304,19088608,-195.8982958869417,0.001,64,32,5000,ula,14
150336,19092672,-186.2708760773148,0.001,64,32,5000,ula,14
150368,19096736,-196.20295017161666,0.001,64,32,5000,ula,14
150400,19100800,-190.53750799797052,0.001,64,32,5000,ula,14
150432,19104864,-190.5370917607911,0.001,64,32,5000,ula,14
150464,19108928,-195.79071358935977,0.001,64,32,5000,ula,14
150496,19112992,-192.86885446548104,0.001,64,32,5000,ula,14
150528,19117056,-190.00046523877157,0.001,64,32,5000,ula,14
150560,19121120,-171.6303494085352,0.001,64,32,5000,ula,14
150592,19125184,-194.4661222424682,0.001,64,32,5000,ula,14
150624,19129248,-194.401939826506,0.001,64,32,5000,ula,14
150656,19133312,-189.95397374552934,0.001,64,32,5000,ula,14
150688,19137376,-180.98932484250307,0.001,64,32,5000,ula,14
150720,19141440,-183.62873320086763,0.001,64,32,5000,ula,14
150752,19145504,-194.72150659923213,0.001,64,32,5000,ula,14
150784,19149568,-194.33057912851353,0.001,64,32,5000,ula,14
150816,19153632,-193.68610923161364,0.001,64,32,5000,ula,14
150848,19157696,-192.58523915197108,0.001,64,32,5000,ula,14
150880,19161760,-198.67313833450334,0.001,64,32,5000,ula,14
150912,19165824,-173.8124312735062,0.001,64,32,5000,ula,14
150944,19169888,-187.94378429472218,0.001,64,32,5000,ula,14
150976,19173952,-182.1145034052214,0.001,64,32,5000,ula,14
151008,19178016,-186.74250327428564,0.001,64,32,5000,ula,14
151040,19182080,-195.79541746654482,0.001,64,32,5000,ula,14
151072,19186144,-195.8503398283658,0.001,64,32,5000,ula,14
151104,19190208,-196.28558802632676,0.001,64,32,5000,ula,14
151136,19194272,-187.97300211934214,0.001,64,32,5000,ula,14
151168,19198336,-188.89970123300785,0.001,64,32,5000,ula,14
151200,19202400,-192.84681650584307,0.001,64,32,5000,ula,14
151232,19206464,-184.61958412818754,0.001,64,32,5000,ula,14
151264,19210528,-187.17732374698562,0.001,64,32,5000,ula,14
151296,19214592,-190.0228334425494,0.001,64,32,5000,ula,14
151328,19218656,-187.00273176766757,0.001,64,32,5000,ula,14
151360,19222720,-189.2043077423043,0.001,64,32,5000,ula,14
151392,19226784,-185.00907092004465,0.001,64,32,5000,ula,14
151424,19230848,-189.852237275634,0.001,64,32,5000,ula,14
151456,19234912,-190.19659655261503,0.001,64,32,5000,ula,14
151488,19238976,-196.14712731179728,0.001,64,32,5000,ula,14
151520,19243040,-189.48131517025593,0.001,64,32,5000,ula,14
151552,19247104,-188.44146891737444,0.001,64,32,5000,ula,14
151584,19251168,-193.63546881977803,0.001,64,32,5000,ula,14
151616,19255232,-192.21781100176642,0.001,64,32,5000,ula,14
151648,19259296,-192.95483356803086,0.001,64,32,5000,ula,14
151680,19263360,-188.45193523922092,0.001,64,32,5000,ula,14
151712,19267424,-195.42240997707347,0.001,64,32,5000,ula,14
151744,19271488,-191.60293763296687,0.001,64,32,5000,ula,14
151776,19275552,-195.8530956868473,0.001,64,32,5000,ula,14
151808,19279616,-191.1569188985765,0.001,64,32,5000,ula,14
151840,19283680,-184.39660318180384,0.001,64,32,5000,ula,14
151872,19287744,-189.5290140648755,0.001,64,32,5000,ula,14
151904,19291808,-190.81164439007122,0.001,64,32,5000,ula,14
151936,19295872,-186.5086145165132,0.001,64,32,5000,ula,14
151968,19299936,-191.01045117016605,0.001,64,32,5000,ula,14
152000,19304000,-194.40193127507195,0.001,64,32,5000,ula,14
152032,19308064,-194.62397888744303,0.001,64,32,5000,ula,14
152064,19312128,-181.8775243668248,0.001,64,32,5000,ula,14
152096,19316192,-192.39967804699594,0.001,64,32,5000,ula,14
152128,19320256,-189.11111540165538,0.001,64,32,5000,ula,14
152160,19324320,-194.29457565880995,0.001,64,32,5000,ula,14
152192,19328384,-197.47638980518047,0.001,64,32,5000,ula,14
152224,19332448,-196.1180653575283,0.001,64,32,5000,ula,14
152256,19336512,-193.1505727584831,0.001,64,32,5000,ula,14
152288,19340576,-195.2944584509503,0.001,64,32,5000,ula,14
152320,19344640,-189.0854735414659,0.001,64,32,5000,ula,14
152352,19348704,-186.7686505057991,0.001,64,32,5000,ula,14
152384,19352768,-194.9284939275768,0.001,64,32,5000,ula,14
152416,19356832,-187.0354468245894,0.001,64,32,5000,ula,14
152448,19360896,-192.1484789296443,0.001,64,32,5000,ula,14
152480,19364960,-185.0347687464185,0.001,64,32,5000,ula,14
152512,19369024,-186.51661120135088,0.001,64,32,5000,ula,14
152544,19373088,-190.87167212440673,0.001,64,32,5000,ula,14
152576,19377152,-187.75250957953952,0.001,64,32,5000,ula,14
152608,19381216,-186.80130595099928,0.001,64,32,5000,ula,14
152640,19385280,-182.38260952261504,0.001,64,32,5000,ula,14
152672,19389344,-193.32641453663769,0.001,64,32,5000,ula,14
152704,19393408,-193.93354668488948,0.001,64,32,5000,ula,14
152736,19397472,-190.70262801081805,0.001,64,32,5000,ula,14
152768,19401536,-189.31107085701476,0.001,64,32,5000,ula,14
152800,19405600,-192.20079865895886,0.001,64,32,5000,ula,14
152832,19409664,-194.61956864463352,0.001,64,32,5000,ula,14
152864,19413728,-185.0610401887161,0.001,64,32,5000,ula,14
152896,19417792,-188.62055515376457,0.001,64,32,5000,ula,14
152928,19421856,-194.25431609145366,0.001,64,32,5000,ula,14
152960,19425920,-192.62558210061303,0.001,64,32,5000,ula,14
152992,19429984,-184.87766316289154,0.001,64,32,5000,ula,14
153024,19434048,-187.74657329753848,0.001,64,32,5000,ula,14
153056,19438112,-187.6382416554531,0.001,64,32,5000,ula,14
153088,19442176,-194.80101374484232,0.001,64,32,5000,ula,14
153120,19446240,-190.93615994877865,0.001,64,32,5000,ula,14
153152,19450304,-194.23954110801148,0.001,64,32,5000,ula,14
153184,19454368,-190.52291996644138,0.001,64,32,5000,ula,14
153216,19458432,-193.57846606436252,0.001,64,32,5000,ula,14
153248,19462496,-190.66200765479326,0.001,64,32,5000,ula,14
153280,19466560,-194.25950740329688,0.001,64,32,5000,ula,14
153312,19470624,-191.15163633218586,0.001,64,32,5000,ula,14
153344,19474688,-183.43679012706218,0.001,64,32,5000,ula,14
153376,19478752,-191.15018571960243,0.001,64,32,5000,ula,14
153408,19482816,-183.33718817036112,0.001,64,32,5000,ula,14
153440,19486880,-194.23179247531928,0.001,64,32,5000,ula,14
153472,19490944,-191.0917830397932,0.001,64,32,5000,ula,14
153504,19495008,-186.2944500146098,0.001,64,32,5000,ula,14
153536,19499072,-186.95606692308732,0.001,64,32,5000,ula,14
153568,19503136,-195.05773605432532,0.001,64,32,5000,ula,14
153600,19507200,-191.62599754025757,0.001,64,32,5000,ula,14
153632,19511264,-192.83329352888336,0.001,64,32,5000,ula,14
153664,19515328,-180.72205115984914,0.001,64,32,5000,ula,14
153696,19519392,-195.5378484238211,0.001,64,32,5000,ula,14
153728,19523456,-186.9516368678167,0.001,64,32,5000,ula,14
153760,19527520,-195.76443891700436,0.001,64,32,5000,ula,14
153792,19531584,-196.4360443755522,0.001,64,32,5000,ula,14
153824,19535648,-180.32331881151595,0.001,64,32,5000,ula,14
153856,19539712,-192.7091741073273,0.001,64,32,5000,ula,14
153888,19543776,-190.54989489020312,0.001,64,32,5000,ula,14
153920,19547840,-185.00176921109383,0.001,64,32,5000,ula,14
153952,19551904,-187.82298395572144,0.001,64,32,5000,ula,14
153984,19555968,-191.67317526379125,0.001,64,32,5000,ula,14
154016,19560032,-182.51632371841592,0.001,64,32,5000,ula,14
154048,19564096,-195.6478818772844,0.001,64,32,5000,ula,14
154080,19568160,-188.02868897858227,0.001,64,32,5000,ula,14
154112,19572224,-192.07488242625485,0.001,64,32,5000,ula,14
154144,19576288,-196.83487121704016,0.001,64,32,5000,ula,14
154176,19580352,-189.29519532739778,0.001,64,32,5000,ula,14
154208,19584416,-187.01053993586862,0.001,64,32,5000,ula,14
154240,19588480,-187.91221799213557,0.001,64,32,5000,ula,14
154272,19592544,-178.27638232163113,0.001,64,32,5000,ula,14
154304,19596608,-193.15474908259185,0.001,64,32,5000,ula,14
154336,19600672,-196.50448720718953,0.001,64,32,5000,ula,14
154368,19604736,-186.01875315302306,0.001,64,32,5000,ula,14
154400,19608800,-192.56591634278527,0.001,64,32,5000,ula,14
154432,19612864,-181.55838521758346,0.001,64,32,5000,ula,14
154464,19616928,-180.44827306432003,0.001,64,32,5000,ula,14
154496,19620992,-184.40425449221195,0.001,64,32,5000,ula,14
154528,19625056,-191.23711113866756,0.001,64,32,5000,ula,14
154560,19629120,-186.52640810760232,0.001,64,32,5000,ula,14
154592,19633184,-191.49379842065153,0.001,64,32,5000,ula,14
154624,19637248,-179.7762464383103,0.001,64,32,5000,ula,14
154656,19641312,-189.65599857572045,0.001,64,32,5000,ula,14
154688,19645376,-193.16105854516232,0.001,64,32,5000,ula,14
154720,19649440,-195.20017854218742,0.001,64,32,5000,ula,14
154752,19653504,-190.99646044138018,0.001,64,32,5000,ula,14
154784,19657568,-196.9733997355659,0.001,64,32,5000,ula,14
154816,19661632,-184.45227616675692,0.001,64,32,5000,ula,14
154848,19665696,-186.5821526732508,0.001,64,32,5000,ula,14
154880,19669760,-190.23176442115192,0.001,64,32,5000,ula,14
154912,19673824,-195.53967243234922,0.001,64,32,5000,ula,14
154944,19677888,-188.13132248225293,0.001,64,32,5000,ula,14
154976,19681952,-182.40992904886102,0.001,64,32,5000,ula,14
155008,19686016,-194.38068195491627,0.001,64,32,5000,ula,14
155040,19690080,-192.59750635963064,0.001,64,32,5000,ula,14
155072,19694144,-191.19548231760538,0.001,64,32,5000,ula,14
155104,19698208,-192.89622648592035,0.001,64,32,5000,ula,14
155136,19702272,-192.25251936278812,0.001,64,32,5000,ula,14
155168,19706336,-194.17390339667,0.001,64,32,5000,ula,14
155200,19710400,-185.7404016725252,0.001,64,32,5000,ula,14
155232,19714464,-189.7010201514413,0.001,64,32,5000,ula,14
155264,19718528,-195.9621049408961,0.001,64,32,5000,ula,14
155296,19722592,-193.4226150556845,0.001,64,32,5000,ula,14
155328,19726656,-190.9324194979393,0.001,64,32,5000,ula,14
155360,19730720,-186.95372314284845,0.001,64,32,5000,ula,14
155392,19734784,-191.93289333676668,0.001,64,32,5000,ula,14
155424,19738848,-180.1107017641851,0.001,64,32,5000,ula,14
155456,19742912,-191.30151958924756,0.001,64,32,5000,ula,14
155488,19746976,-185.04160196644975,0.001,64,32,5000,ula,14
155520,19751040,-192.48273964143422,0.001,64,32,5000,ula,14
155552,19755104,-189.32577797997496,0.001,64,32,5000,ula,14
155584,19759168,-186.73067046173446,0.001,64,32,5000,ula,14
155616,19763232,-185.16290315643022,0.001,64,32,5000,ula,14
155648,19767296,-181.80970360208048,0.001,64,32,5000,ula,14
155680,19771360,-193.5504529373019,0.001,64,32,5000,ula,14
155712,19775424,-191.78373820087097,0.001,64,32,5000,ula,14
155744,19779488,-188.6332678173021,0.001,64,32,5000,ula,14
155776,19783552,-191.05253780888026,0.001,64,32,5000,ula,14
155808,19787616,-186.91280180715486,0.001,64,32,5000,ula,14
155840,19791680,-193.71047913934567,0.001,64,32,5000,ula,14
155872,19795744,-188.56340412579843,0.001,64,32,5000,ula,14
155904,19799808,-179.51114934907633,0.001,64,32,5000,ula,14
155936,19803872,-179.9392875260072,0.001,64,32,5000,ula,14
155968,19807936,-184.90421572083469,0.001,64,32,5000,ula,14
156000,19812000,-181.46558475342385,0.001,64,32,5000,ula,14
156032,19816064,-193.15505249114074,0.001,64,32,5000,ula,14
156064,19820128,-186.82269529731317,0.001,64,32,5000,ula,14
156096,19824192,-194.18823187018688,0.001,64,32,5000,ula,14
156128,19828256,-185.4041916086088,0.001,64,32,5000,ula,14
156160,19832320,-194.2082903925938,0.001,64,32,5000,ula,14
156192,19836384,-186.7339670550187,0.001,64,32,5000,ula,14
156224,19840448,-190.39550588383406,0.001,64,32,5000,ula,14
156256,19844512,-188.89146698649566,0.001,64,32,5000,ula,14
156288,19848576,-195.28121955726962,0.001,64,32,5000,ula,14
156320,19852640,-183.55809404588194,0.001,64,32,5000,ula,14
156352,19856704,-196.88891651536719,0.001,64,32,5000,ula,14
156384,19860768,-187.26232960871442,0.001,64,32,5000,ula,14
156416,19864832,-197.56878952701283,0.001,64,32,5000,ula,14
156448,19868896,-184.915797249751,0.001,64,32,5000,ula,14
156480,19872960,-185.39192326307258,0.001,64,32,5000,ula,14
156512,19877024,-183.68077254786974,0.001,64,32,5000,ula,14
156544,19881088,-182.05085293353957,0.001,64,32,5000,ula,14
156576,19885152,-194.42676702369215,0.001,64,32,5000,ula,14
156608,19889216,-193.35500411911005,0.001,64,32,5000,ula,14
156640,19893280,-187.77413667576388,0.001,64,32,5000,ula,14
156672,19897344,-194.3057855633149,0.001,64,32,5000,ula,14
156704,19901408,-187.49384186704157,0.001,64,32,5000,ula,14
156736,19905472,-182.50648806680996,0.001,64,32,5000,ula,14
156768,19909536,-185.07913022681652,0.001,64,32,5000,ula,14
156800,19913600,-177.59073148083928,0.001,64,32,5000,ula,14
156832,19917664,-191.59780748599294,0.001,64,32,5000,ula,14
156864,19921728,-193.6415761755089,0.001,64,32,5000,ula,14
156896,19925792,-190.13638627759178,0.001,64,32,5000,ula,14
156928,19929856,-188.35023845974325,0.001,64,32,5000,ula,14
156960,19933920,-188.78406194761254,0.001,64,32,5000,ula,14
156992,19937984,-182.80064607471635,0.001,64,32,5000,ula,14
157024,19942048,-185.99028731148272,0.001,64,32,5000,ula,14
157056,19946112,-194.6028779286871,0.001,64,32,5000,ula,14
157088,19950176,-180.8526113668516,0.001,64,32,5000,ula,14
157120,19954240,-194.98203423585122,0.001,64,32,5000,ula,14
157152,19958304,-191.10778184851,0.001,64,32,5000,ula,14
157184,19962368,-190.45389019781217,0.001,64,32,5000,ula,14
157216,19966432,-188.60495700017748,0.001,64,32,5000,ula,14
157248,19970496,-188.94239545221376,0.001,64,32,5000,ula,14
157280,19974560,-190.55988993279422,0.001,64,32,5000,ula,14
157312,19978624,-192.21080810075725,0.001,64,32,5000,ula,14
157344,19982688,-191.16205873826527,0.001,64,32,5000,ula,14
157376,19986752,-184.0383527034564,0.001,64,32,5000,ula,14
157408,19990816,-186.28287026091667,0.001,64,32,5000,ula,14
157440,19994880,-191.01432796336275,0.001,64,32,5000,ula,14
157472,19998944,-183.65483185853233,0.001,64,32,5000,ula,14
157504,20003008,-193.87890598843182,0.001,64,32,5000,ula,14
157536,20007072,-187.13560468072313,0.001,64,32,5000,ula,14
157568,20011136,-194.66625801187067,0.001,64,32,5000,ula,14
157600,20015200,-190.87512974052467,0.001,64,32,5000,ula,14
157632,20019264,-184.72514990422462,0.001,64,32,5000,ula,14
157664,20023328,-175.71989551351646,0.001,64,32,5000,ula,14
157696,20027392,-194.6384868225693,0.001,64,32,5000,ula,14
157728,20031456,-192.84071562248573,0.001,64,32,5000,ula,14
157760,20035520,-189.2602583265066,0.001,64,32,5000,ula,14
157792,20039584,-189.97114251249698,0.001,64,32,5000,ula,14
157824,20043648,-182.1355628921587,0.001,64,32,5000,ula,14
157856,20047712,-187.70152858359344,0.001,64,32,5000,ula,14
157888,20051776,-188.44533098155762,0.001,64,32,5000,ula,14
157920,20055840,-186.23699106493086,0.001,64,32,5000,ula,14
157952,20059904,-193.061659726582,0.001,64,32,5000,ula,14
157984,20063968,-179.3470181465013,0.001,64,32,5000,ula,14
158016,20068032,-187.0252790900778,0.001,64,32,5000,ula,14
158048,20072096,-189.68642443702936,0.001,64,32,5000,ula,14
158080,20076160,-190.76801573865148,0.001,64,32,5000,ula,14
158112,20080224,-185.76136155947682,0.001,64,32,5000,ula,14
158144,20084288,-190.1626121437175,0.001,64,32,5000,ula,14
158176,20088352,-190.41964850632914,0.001,64,32,5000,ula,14
158208,20092416,-188.45664370945545,0.001,64,32,5000,ula,14
158240,20096480,-193.81068263329254,0.001,64,32,5000,ula,14
158272,20100544,-191.28055578297574,0.001,64,32,5000,ula,14
158304,20104608,-186.85645713432663,0.001,64,32,5000,ula,14
158336,20108672,-190.09882834071072,0.001,64,32,5000,ula,14
158368,20112736,-178.98859864602616,0.001,64,32,5000,ula,14
158400,20116800,-189.36295302955492,0.001,64,32,5000,ula,14
158432,20120864,-185.75822100253598,0.001,64,32,5000,ula,14
158464,20124928,-190.71331200527428,0.001,64,32,5000,ula,14
158496,20128992,-189.82928976454144,0.001,64,32,5000,ula,14
158528,20133056,-192.43991058437507,0.001,64,32,5000,ula,14
158560,20137120,-190.09339932338725,0.001,64,32,5000,ula,14
158592,20141184,-177.86328095962594,0.001,64,32,5000,ula,14
158624,20145248,-193.37177012380616,0.001,64,32,5000,ula,14
158656,20149312,-196.41332513607992,0.001,64,32,5000,ula,14
158688,20153376,-191.14354982677656,0.001,64,32,5000,ula,14
158720,20157440,-192.26030354308224,0.001,64,32,5000,ula,14
158752,20161504,-192.4642088319721,0.001,64,32,5000,ula,14
158784,20165568,-187.3458749648999,0.001,64,32,5000,ula,14
158816,20169632,-195.75054265887783,0.001,64,32,5000,ula,14
158848,20173696,-186.63910978190682,0.001,64,32,5000,ula,14
158880,20177760,-193.2802714293184,0.001,64,32,5000,ula,14
158912,20181824,-190.8543213263595,0.001,64,32,5000,ula,14
158944,20185888,-193.45795933171974,0.001,64,32,5000,ula,14
158976,20189952,-189.12191326829242,0.001,64,32,5000,ula,14
159008,20194016,-184.84024380104026,0.001,64,32,5000,ula,14
159040,20198080,-191.1495162055081,0.001,64,32,5000,ula,14
159072,20202144,-195.6320453426212,0.001,64,32,5000,ula,14
159104,20206208,-182.48510098232978,0.001,64,32,5000,ula,14
159136,20210272,-182.58047058027083,0.001,64,32,5000,ula,14
159168,20214336,-181.88411259743313,0.001,64,32,5000,ula,14
159200,20218400,-188.8702837064696,0.001,64,32,5000,ula,14
159232,20222464,-193.97635351279425,0.001,64,32,5000,ula,14
159264,20226528,-187.3215994729133,0.001,64,32,5000,ula,14
159296,20230592,-188.47426868626565,0.001,64,32,5000,ula,14
159328,20234656,-185.78049935729513,0.001,64,32,5000,ula,14
159360,20238720,-183.3689754810314,0.001,64,32,5000,ula,14
159392,20242784,-189.01718286606848,0.001,64,32,5000,ula,14
159424,20246848,-191.01081120350253,0.001,64,32,5000,ula,14
159456,20250912,-196.62955567084632,0.001,64,32,5000,ula,14
159488,20254976,-188.5010491487894,0.001,64,32,5000,ula,14
159520,20259040,-188.92271858607396,0.001,64,32,5000,ula,14
159552,20263104,-193.6513454098869,0.001,64,32,5000,ula,14
159584,20267168,-190.4439853889191,0.001,64,32,5000,ula,14
159616,20271232,-188.80285949939702,0.001,64,32,5000,ula,14
159648,20275296,-191.81783838258514,0.001,64,32,5000,ula,14
159680,20279360,-176.494139218342,0.001,64,32,5000,ula,14
159712,20283424,-190.93830837628454,0.001,64,32,5000,ula,14
159744,20287488,-183.34956067141206,0.001,64,32,5000,ula,14
159776,20291552,-193.26338195362354,0.001,64,32,5000,ula,14
159808,20295616,-190.42168909458186,0.001,64,32,5000,ula,14
159840,20299680,-193.87527490958558,0.001,64,32,5000,ula,14
159872,20303744,-193.87407234052853,0.001,64,32,5000,ula,14
159904,20307808,-191.05710891396444,0.001,64,32,5000,ula,14
159936,20311872,-188.84262239450157,0.001,64,32,5000,ula,14
159968,20315936,-191.25360126730533,0.001,64,32,5000,ula,14
160000,20320000,-190.1738768159177,0.001,64,32,5000,ula,14
