n_lpdf_eval,n_grad_eval,logzs_eval,lr,nbridge,batchsize,niters,method,id
32,4064,-70.03492086871505,0.0001,64,32,5000,ula,30
64,8128,-69.88974076036719,0.0001,64,32,5000,ula,30
96,12192,-68.98087058895774,0.0001,64,32,5000,ula,30
128,16256,-71.19019798736441,0.0001,64,32,5000,ula,30
160,20320,-71.93110554998033,0.0001,64,32,5000,ula,30
192,24384,-70.16842108645608,0.0001,64,32,5000,ula,30
224,28448,-72.9091189297951,0.0001,64,32,5000,ula,30
256,32512,-66.15074851734214,0.0001,64,32,5000,ula,30
288,36576,-68.71450385247324,0.0001,64,32,5000,ula,30
320,40640,-63.384702113150304,0.0001,64,32,5000,ula,30
352,44704,-67.78773809585073,0.0001,64,32,5000,ula,30
384,48768,-69.11070928745232,0.0001,64,32,5000,ula,30
416,52832,-70.92971149954671,0.0001,64,32,5000,ula,30
448,56896,-73.60225065369218,0.0001,64,32,5000,ula,30
480,60960,-65.36066330047831,0.0001,64,32,5000,ula,30
512,65024,-68.69504578971973,0.0001,64,32,5000,ula,30
544,69088,-72.79295101023095,0.0001,64,32,5000,ula,30
576,73152,-68.95907665899074,0.0001,64,32,5000,ula,30
608,77216,-67.49506455371812,0.0001,64,32,5000,ula,30
640,81280,-59.866616686699714,0.0001,64,32,5000,ula,30
672,85344,-70.23794626687977,0.0001,64,32,5000,ula,30
704,89408,-68.45695090055025,0.0001,64,32,5000,ula,30
736,93472,-69.10242946031438,0.0001,64,32,5000,ula,30
768,97536,-70.08478072155083,0.0001,64,32,5000,ula,30
800,101600,-70.65960082503065,0.0001,64,32,5000,ula,30
832,105664,-69.46011003262117,0.0001,64,32,5000,ula,30
864,109728,-67.51583193623625,0.0001,64,32,5000,ula,30
896,113792,-65.37179627937489,0.0001,64,32,5000,ula,30
928,117856,-67.694459228227,0.0001,64,32,5000,ula,30
960,121920,-69.94983510608846,0.0001,64,32,5000,ula,30
992,125984,-69.72222210864082,0.0001,64,32,5000,ula,30
1024,130048,-71.964184159486,0.0001,64,32,5000,ula,30
1056,134112,-69.14337458117107,0.0001,64,32,5000,ula,30
1088,138176,-71.43922224441539,0.0001,64,32,5000,ula,30
1120,142240,-68.69027391902682,0.0001,64,32,5000,ula,30
1152,146304,-69.13996844186035,0.0001,64,32,5000,ula,30
1184,150368,-66.36475996007766,0.0001,64,32,5000,ula,30
1216,154432,-63.99989983856737,0.0001,64,32,5000,ula,30
1248,158496,-69.68593877191793,0.0001,64,32,5000,ula,30
1280,162560,-67.2666473018175,0.0001,64,32,5000,ula,30
1312,166624,-67.31307577102241,0.0001,64,32,5000,ula,30
1344,170688,-69.11928520269265,0.0001,64,32,5000,ula,30
1376,174752,-72.45092712428283,0.0001,64,32,5000,ula,30
1408,178816,-68.250132516891,0.0001,64,32,5000,ula,30
1440,182880,-68.21025646258768,0.0001,64,32,5000,ula,30
1472,186944,-68.31871250625275,0.0001,64,32,5000,ula,30
1504,191008,-69.40931787187816,0.0001,64,32,5000,ula,30
1536,195072,-71.22605842437233,0.0001,64,32,5000,ula,30
1568,199136,-70.32537697023014,0.0001,64,32,5000,ula,30
1600,203200,-64.50428013231398,0.0001,64,32,5000,ula,30
1632,207264,-66.01110446530137,0.0001,64,32,5000,ula,30
1664,211328,-65.70921655586234,0.0001,64,32,5000,ula,30
1696,215392,-58.616842426460465,0.0001,64,32,5000,ula,30
1728,219456,-67.896158598398,0.0001,64,32,5000,ula,30
1760,223520,-64.4616902334834,0.0001,64,32,5000,ula,30
1792,227584,-72.29360534795578,0.0001,64,32,5000,ula,30
1824,231648,-72.86877401354091,0.0001,64,32,5000,ula,30
1856,235712,-72.4193617983195,0.0001,64,32,5000,ula,30
1888,239776,-72.09472600284977,0.0001,64,32,5000,ula,30
1920,243840,-69.15539183483821,0.0001,64,32,5000,ula,30
1952,247904,-64.88944397809875,0.0001,64,32,5000,ula,30
1984,251968,-72.26519900342154,0.0001,64,32,5000,ula,30
2016,256032,-69.42969594149577,0.0001,64,32,5000,ula,30
2048,260096,-74.24510449285398,0.0001,64,32,5000,ula,30
2080,264160,-70.98662840010894,0.0001,64,32,5000,ula,30
2112,268224,-71.46490203075516,0.0001,64,32,5000,ula,30
2144,272288,-65.3814873643502,0.0001,64,32,5000,ula,30
2176,276352,-66.08672604726304,0.0001,64,32,5000,ula,30
2208,280416,-70.58430611424969,0.0001,64,32,5000,ula,30
2240,284480,-69.0888269629352,0.0001,64,32,5000,ula,30
2272,288544,-66.02365746314575,0.0001,64,32,5000,ula,30
2304,292608,-71.59452552884133,0.0001,64,32,5000,ula,30
2336,296672,-69.75066891869601,0.0001,64,32,5000,ula,30
2368,300736,-69.11645802228941,0.0001,64,32,5000,ula,30
2400,304800,-68.14518064760772,0.0001,64,32,5000,ula,30
2432,308864,-66.14765591133975,0.0001,64,32,5000,ula,30
2464,312928,-60.247222261434544,0.0001,64,32,5000,ula,30
2496,316992,-71.57739740807638,0.0001,64,32,5000,ula,30
2528,321056,-61.189986201439375,0.0001,64,32,5000,ula,30
2560,325120,-62.29493666799056,0.0001,64,32,5000,ula,30
2592,329184,-67.90911198600948,0.0001,64,32,5000,ula,30
2624,333248,-67.33257523757464,0.0001,64,32,5000,ula,30
2656,337312,-67.42159443358176,0.0001,64,32,5000,ula,30
2688,341376,-70.27787182527045,0.0001,64,32,5000,ula,30
2720,345440,-71.12703519809749,0.0001,64,32,5000,ula,30
2752,349504,-70.3259840629843,0.0001,64,32,5000,ula,30
2784,353568,-65.38753775678828,0.0001,64,32,5000,ula,30
2816,357632,-66.03592120337422,0.0001,64,32,5000,ula,30
2848,361696,-70.26314557172637,0.0001,64,32,5000,ula,30
2880,365760,-69.9257692190827,0.0001,64,32,5000,ula,30
2912,369824,-73.70207924618472,0.0001,64,32,5000,ula,30
2944,373888,-69.34404578475761,0.0001,64,32,5000,ula,30
2976,377952,-65.20773763290778,0.0001,64,32,5000,ula,30
3008,382016,-65.41766039705902,0.0001,64,32,5000,ula,30
3040,386080,-66.16688844328172,0.0001,64,32,5000,ula,30
3072,390144,-70.94112317220228,0.0001,64,32,5000,ula,30
3104,394208,-68.2789066119648,0.0001,64,32,5000,ula,30
3136,398272,-68.95841096525541,0.0001,64,32,5000,ula,30
3168,402336,-67.32183530801323,0.0001,64,32,5000,ula,30
3200,406400,-69.64481886573684,0.0001,64,32,5000,ula,30
3232,410464,-70.70259564391756,0.0001,64,32,5000,ula,30
3264,414528,-72.87183338510891,0.0001,64,32,5000,ula,30
3296,418592,-69.73354953427003,0.0001,64,32,5000,ula,30
3328,422656,-66.9092642617648,0.0001,64,32,5000,ula,30
3360,426720,-71.08111263263173,0.0001,64,32,5000,ula,30
3392,430784,-69.98309723927007,0.0001,64,32,5000,ula,30
3424,434848,-63.91216901130745,0.0001,64,32,5000,ula,30
3456,438912,-69.73609556607389,0.0001,64,32,5000,ula,30
3488,442976,-63.464759017871394,0.0001,64,32,5000,ula,30
3520,447040,-70.10749522592114,0.0001,64,32,5000,ula,30
3552,451104,-66.13542476155509,0.0001,64,32,5000,ula,30
3584,455168,-63.28592973497441,0.0001,64,32,5000,ula,30
3616,459232,-68.73024588548668,0.0001,64,32,5000,ula,30
3648,463296,-71.18190954954596,0.0001,64,32,5000,ula,30
3680,467360,-70.60947760505363,0.0001,64,32,5000,ula,30
3712,471424,-71.70050779382008,0.0001,64,32,5000,ula,30
3744,475488,-67.44144876034099,0.0001,64,32,5000,ula,30
3776,479552,-63.16362928277641,0.0001,64,32,5000,ula,30
3808,483616,-63.00732317622475,0.0001,64,32,5000,ula,30
3840,487680,-72.05846245326332,0.0001,64,32,5000,ula,30
3872,491744,-68.76482646902758,0.0001,64,32,5000,ula,30
3904,495808,-65.41160717694305,0.0001,64,32,5000,ula,30
3936,499872,-66.36018668511382,0.0001,64,32,5000,ula,30
3968,503936,-65.76723654102817,0.0001,64,32,5000,ula,30
4000,508000,-69.16947090292747,0.0001,64,32,5000,ula,30
4032,512064,-67.50074463625626,0.0001,64,32,5000,ula,30
4064,516128,-68.63157181285824,0.0001,64,32,5000,ula,30
4096,520192,-63.12350069206362,0.0001,64,32,5000,ula,30
4128,524256,-67.22095159970497,0.0001,64,32,5000,ula,30
4160,528320,-63.7334154327984,0.0001,64,32,5000,ula,30
4192,532384,-68.24483447060261,0.0001,64,32,5000,ula,30
4224,536448,-64.06927288463308,0.0001,64,32,5000,ula,30
4256,540512,-70.41730007173722,0.0001,64,32,5000,ula,30
4288,544576,-69.8305327069923,0.0001,64,32,5000,ula,30
4320,548640,-64.14121739830375,0.0001,64,32,5000,ula,30
4352,552704,-64.37957927141892,0.0001,64,32,5000,ula,30
4384,556768,-63.16596964525823,0.0001,64,32,5000,ula,30
4416,560832,-71.30331612422181,0.0001,64,32,5000,ula,30
4448,564896,-62.2140013811836,0.0001,64,32,5000,ula,30
4480,568960,-65.95849048883846,0.0001,64,32,5000,ula,30
4512,573024,-57.58551389376846,0.0001,64,32,5000,ula,30
4544,577088,-69.76301768246476,0.0001,64,32,5000,ula,30
4576,581152,-63.136484621908934,0.0001,64,32,5000,ula,30
4608,585216,-63.80715102741797,0.0001,64,32,5000,ula,30
4640,589280,-70.99017685418522,0.0001,64,32,5000,ula,30
4672,593344,-67.60374399718216,0.0001,64,32,5000,ula,30
4704,597408,-70.61313027167986,0.0001,64,32,5000,ula,30
4736,601472,-71.70871861260979,0.0001,64,32,5000,ula,30
4768,605536,-63.10675951772402,0.0001,64,32,5000,ula,30
4800,609600,-65.29921009573253,0.0001,64,32,5000,ula,30
4832,613664,-64.06526265017698,0.0001,64,32,5000,ula,30
4864,617728,-68.7071791795947,0.0001,64,32,5000,ula,30
4896,621792,-64.96103820600936,0.0001,64,32,5000,ula,30
4928,625856,-71.1776480021717,0.0001,64,32,5000,ula,30
4960,629920,-71.80287912682698,0.0001,64,32,5000,ula,30
4992,633984,-68.02715622335171,0.0001,64,32,5000,ula,30
5024,638048,-51.017841177090325,0.0001,64,32,5000,ula,30
5056,642112,-71.70808860499504,0.0001,64,32,5000,ula,30
5088,646176,-67.54421425534332,0.0001,64,32,5000,ula,30
5120,650240,-67.34317373001085,0.0001,64,32,5000,ula,30
5152,654304,-66.94396331709292,0.0001,64,32,5000,ula,30
5184,658368,-67.07918593499221,0.0001,64,32,5000,ula,30
5216,662432,-68.87610701489868,0.0001,64,32,5000,ula,30
5248,666496,-67.3445321968008,0.0001,64,32,5000,ula,30
5280,670560,-61.712782773004264,0.0001,64,32,5000,ula,30
5312,674624,-68.75213937556506,0.0001,64,32,5000,ula,30
5344,678688,-70.74498031314332,0.0001,64,32,5000,ula,30
5376,682752,-70.17729228774898,0.0001,64,32,5000,ula,30
5408,686816,-67.56637779619102,0.0001,64,32,5000,ula,30
5440,690880,-74.69413895330108,0.0001,64,32,5000,ula,30
5472,694944,-61.40660943044342,0.0001,64,32,5000,ula,30
5504,699008,-65.10816723814891,0.0001,64,32,5000,ula,30
5536,703072,-70.28371183973564,0.0001,64,32,5000,ula,30
5568,707136,-67.15147773751012,0.0001,64,32,5000,ula,30
5600,711200,-67.99962368949136,0.0001,64,32,5000,ula,30
5632,715264,-66.29901895276002,0.0001,64,32,5000,ula,30
5664,719328,-68.82130797898526,0.0001,64,32,5000,ula,30
5696,723392,-70.22181045204853,0.0001,64,32,5000,ula,30
5728,727456,-70.54874153913345,0.0001,64,32,5000,ula,30
5760,731520,-66.43527150770957,0.0001,64,32,5000,ula,30
5792,735584,-69.50069136657912,0.0001,64,32,5000,ula,30
5824,739648,-72.47728649807357,0.0001,64,32,5000,ula,30
5856,743712,-73.62851312894841,0.0001,64,32,5000,ula,30
5888,747776,-65.3071705717048,0.0001,64,32,5000,ula,30
5920,751840,-65.95167822803003,0.0001,64,32,5000,ula,30
5952,755904,-69.5027174673322,0.0001,64,32,5000,ula,30
5984,759968,-69.35713646668786,0.0001,64,32,5000,ula,30
6016,764032,-66.91296594213456,0.0001,64,32,5000,ula,30
6048,768096,-71.85713962626762,0.0001,64,32,5000,ula,30
6080,772160,-69.15821533354419,0.0001,64,32,5000,ula,30
6112,776224,-68.83870804785379,0.0001,64,32,5000,ula,30
6144,780288,-67.15076956115378,0.0001,64,32,5000,ula,30
6176,784352,-68.44028123727334,0.0001,64,32,5000,ula,30
6208,788416,-62.55081341994153,0.0001,64,32,5000,ula,30
6240,792480,-70.87443438351673,0.0001,64,32,5000,ula,30
6272,796544,-71.87089082125028,0.0001,64,32,5000,ula,30
6304,800608,-69.12814591701924,0.0001,64,32,5000,ula,30
6336,804672,-66.58694942572987,0.0001,64,32,5000,ula,30
6368,808736,-69.82152716857419,0.0001,64,32,5000,ula,30
6400,812800,-67.5072551341073,0.0001,64,32,5000,ula,30
6432,816864,-72.57567650543335,0.0001,64,32,5000,ula,30
6464,820928,-72.38271913982094,0.0001,64,32,5000,ula,30
6496,824992,-70.75778527965804,0.0001,64,32,5000,ula,30
6528,829056,-67.50054442970401,0.0001,64,32,5000,ula,30
6560,833120,-68.15135889298284,0.0001,64,32,5000,ula,30
6592,837184,-61.3911293100237,0.0001,64,32,5000,ula,30
6624,841248,-70.93782269903873,0.0001,64,32,5000,ula,30
6656,845312,-68.77207973094731,0.0001,64,32,5000,ula,30
6688,849376,-64.77084285823348,0.0001,64,32,5000,ula,30
6720,853440,-63.92897476134502,0.0001,64,32,5000,ula,30
6752,857504,-64.11128906208101,0.0001,64,32,5000,ula,30
6784,861568,-69.46697694022441,0.0001,64,32,5000,ula,30
6816,865632,-72.92666897091269,0.0001,64,32,5000,ula,30
6848,869696,-69.93600593030962,0.0001,64,32,5000,ula,30
6880,873760,-61.54696912321681,0.0001,64,32,5000,ula,30
6912,877824,-67.27456268326597,0.0001,64,32,5000,ula,30
6944,881888,-65.13978380431176,0.0001,64,32,5000,ula,30
6976,885952,-68.19911624102112,0.0001,64,32,5000,ula,30
7008,890016,-63.717465904377434,0.0001,64,32,5000,ula,30
7040,894080,-66.53799675440747,0.0001,64,32,5000,ula,30
7072,898144,-71.8898577475089,0.0001,64,32,5000,ula,30
7104,902208,-69.93664021745921,0.0001,64,32,5000,ula,30
7136,906272,-69.1835142722456,0.0001,64,32,5000,ula,30
7168,910336,-68.3438258305284,0.0001,64,32,5000,ula,30
7200,914400,-69.67342162754011,0.0001,64,32,5000,ula,30
7232,918464,-66.62893999259417,0.0001,64,32,5000,ula,30
7264,922528,-69.04042055790434,0.0001,64,32,5000,ula,30
7296,926592,-65.59968647341685,0.0001,64,32,5000,ula,30
7328,930656,-61.66856004627256,0.0001,64,32,5000,ula,30
7360,934720,-71.80950341654635,0.0001,64,32,5000,ula,30
7392,938784,-63.527791096034655,0.0001,64,32,5000,ula,30
7424,942848,-69.33049295290508,0.0001,64,32,5000,ula,30
7456,946912,-71.72012486100814,0.0001,64,32,5000,ula,30
7488,950976,-62.41587700805777,0.0001,64,32,5000,ula,30
7520,955040,-63.880878944098626,0.0001,64,32,5000,ula,30
7552,959104,-66.35374411464913,0.0001,64,32,5000,ula,30
7584,963168,-65.82409544165913,0.0001,64,32,5000,ula,30
7616,967232,-68.18436604512803,0.0001,64,32,5000,ula,30
7648,971296,-64.70481990082382,0.0001,64,32,5000,ula,30
7680,975360,-68.57603501210197,0.0001,64,32,5000,ula,30
7712,979424,-65.91514764740954,0.0001,64,32,5000,ula,30
7744,983488,-56.9815386661708,0.0001,64,32,5000,ula,30
7776,987552,-69.97737144784277,0.0001,64,32,5000,ula,30
7808,991616,-67.80556030073534,0.0001,64,32,5000,ula,30
7840,995680,-69.3293982418396,0.0001,64,32,5000,ula,30
7872,999744,-70.97951141831784,0.0001,64,32,5000,ula,30
7904,1003808,-62.97521219395682,0.0001,64,32,5000,ula,30
7936,1007872,-70.96167106244357,0.0001,64,32,5000,ula,30
7968,1011936,-70.69717161270141,0.0001,64,32,5000,ula,30
8000,1016000,-67.9184699835567,0.0001,64,32,5000,ula,30
8032,1020064,-72.74442365646611,0.0001,64,32,5000,ula,30
8064,1024128,-62.9672301765753,0.0001,64,32,5000,ula,30
8096,1028192,-66.70335988280574,0.0001,64,32,5000,ula,30
8128,1032256,-65.29342070861478,0.0001,64,32,5000,ula,30
8160,1036320,-70.06056952869245,0.0001,64,32,5000,ula,30
8192,1040384,-70.95442681633469,0.0001,64,32,5000,ula,30
8224,1044448,-70.32311015340326,0.0001,64,32,5000,ula,30
8256,1048512,-69.62560768474626,0.0001,64,32,5000,ula,30
8288,1052576,-72.27090655954677,0.0001,64,32,5000,ula,30
8320,1056640,-68.74509618567713,0.0001,64,32,5000,ula,30
8352,1060704,-73.78521377728566,0.0001,64,32,5000,ula,30
8384,1064768,-59.8359212997517,0.0001,64,32,5000,ula,30
8416,1068832,-69.93193702886305,0.0001,64,32,5000,ula,30
8448,1072896,-71.12710801117161,0.0001,64,32,5000,ula,30
8480,1076960,-71.69307458721876,0.0001,64,32,5000,ula,30
8512,1081024,-71.28284728484832,0.0001,64,32,5000,ula,30
8544,1085088,-65.5476568465837,0.0001,64,32,5000,ula,30
8576,1089152,-71.0497137327628,0.0001,64,32,5000,ula,30
8608,1093216,-69.12623216974703,0.0001,64,32,5000,ula,30
8640,1097280,-64.06731521516896,0.0001,64,32,5000,ula,30
8672,1101344,-66.97063350703259,0.0001,64,32,5000,ula,30
8704,1105408,-68.04842047716984,0.0001,64,32,5000,ula,30
8736,1109472,-70.89879610914396,0.0001,64,32,5000,ula,30
8768,1113536,-68.82165617939035,0.0001,64,32,5000,ula,30
8800,1117600,-61.09213680494296,0.0001,64,32,5000,ula,30
8832,1121664,-69.02886089846162,0.0001,64,32,5000,ula,30
8864,1125728,-66.14773393193475,0.0001,64,32,5000,ula,30
8896,1129792,-69.14168542200711,0.0001,64,32,5000,ula,30
8928,1133856,-69.02609282961369,0.0001,64,32,5000,ula,30
8960,1137920,-64.81103452836795,0.0001,64,32,5000,ula,30
8992,1141984,-53.133097668933075,0.0001,64,32,5000,ula,30
9024,1146048,-68.94472757734013,0.0001,64,32,5000,ula,30
9056,1150112,-70.85793017851474,0.0001,64,32,5000,ula,30
9088,1154176,-70.2238841454609,0.0001,64,32,5000,ula,30
9120,1158240,-66.58689962496386,0.0001,64,32,5000,ula,30
9152,1162304,-67.06108496779503,0.0001,64,32,5000,ula,30
9184,1166368,-64.66846736201109,0.0001,64,32,5000,ula,30
9216,1170432,-64.62304398414955,0.0001,64,32,5000,ula,30
9248,1174496,-72.47446829660426,0.0001,64,32,5000,ula,30
9280,1178560,-63.81942251385417,0.0001,64,32,5000,ula,30
9312,1182624,-68.67814938935162,0.0001,64,32,5000,ula,30
9344,1186688,-69.13580001771179,0.0001,64,32,5000,ula,30
9376,1190752,-68.48629305692818,0.0001,64,32,5000,ula,30
9408,1194816,-72.28896231149369,0.0001,64,32,5000,ula,30
9440,1198880,-64.36333357570213,0.0001,64,32,5000,ula,30
9472,1202944,-69.62835511708832,0.0001,64,32,5000,ula,30
9504,1207008,-66.07144845812033,0.0001,64,32,5000,ula,30
9536,1211072,-71.43591127404748,0.0001,64,32,5000,ula,30
9568,1215136,-63.804113484471074,0.0001,64,32,5000,ula,30
9600,1219200,-67.7065235877503,0.0001,64,32,5000,ula,30
9632,1223264,-66.47889286836858,0.0001,64,32,5000,ula,30
9664,1227328,-70.99657206644514,0.0001,64,32,5000,ula,30
9696,1231392,-67.9115518906839,0.0001,64,32,5000,ula,30
9728,1235456,-69.93176206923002,0.0001,64,32,5000,ula,30
9760,1239520,-68.3341500431174,0.0001,64,32,5000,ula,30
9792,1243584,-70.12074544356676,0.0001,64,32,5000,ula,30
9824,1247648,-71.33234035338405,0.0001,64,32,5000,ula,30
9856,1251712,-68.88603967728902,0.0001,64,32,5000,ula,30
9888,1255776,-69.29079737328338,0.0001,64,32,5000,ula,30
9920,1259840,-68.44030423709091,0.0001,64,32,5000,ula,30
9952,1263904,-68.35856716146752,0.0001,64,32,5000,ula,30
9984,1267968,-59.379237654009756,0.0001,64,32,5000,ula,30
10016,1272032,-67.09111743643348,0.0001,64,32,5000,ula,30
10048,1276096,-68.120774294599,0.0001,64,32,5000,ula,30
10080,1280160,-66.33971832268978,0.0001,64,32,5000,ula,30
10112,1284224,-70.2626754658026,0.0001,64,32,5000,ula,30
10144,1288288,-64.55899323311522,0.0001,64,32,5000,ula,30
10176,1292352,-71.16748990621865,0.0001,64,32,5000,ula,30
10208,1296416,-67.82824399657953,0.0001,64,32,5000,ula,30
10240,1300480,-68.45467479214588,0.0001,64,32,5000,ula,30
10272,1304544,-73.34006880748981,0.0001,64,32,5000,ula,30
10304,1308608,-66.9021559553998,0.0001,64,32,5000,ula,30
10336,1312672,-67.06392158852856,0.0001,64,32,5000,ula,30
10368,1316736,-72.44984496094699,0.0001,64,32,5000,ula,30
10400,1320800,-68.6677109844912,0.0001,64,32,5000,ula,30
10432,1324864,-67.825991951174,0.0001,64,32,5000,ula,30
10464,1328928,-68.01575991885896,0.0001,64,32,5000,ula,30
10496,1332992,-61.723163203416696,0.0001,64,32,5000,ula,30
10528,1337056,-68.61070304523541,0.0001,64,32,5000,ula,30
10560,1341120,-71.757372304866,0.0001,64,32,5000,ula,30
10592,1345184,-66.41467333356547,0.0001,64,32,5000,ula,30
10624,1349248,-67.35376824181748,0.0001,64,32,5000,ula,30
10656,1353312,-72.55836885025359,0.0001,64,32,5000,ula,30
10688,1357376,-70.15405181715518,0.0001,64,32,5000,ula,30
10720,1361440,-67.7378158143309,0.0001,64,32,5000,ula,30
10752,1365504,-66.49562914601235,0.0001,64,32,5000,ula,30
10784,1369568,-68.1231497606157,0.0001,64,32,5000,ula,30
10816,1373632,-62.76923827827171,0.0001,64,32,5000,ula,30
10848,1377696,-57.6805960180063,0.0001,64,32,5000,ula,30
10880,1381760,-72.27921630094218,0.0001,64,32,5000,ula,30
10912,1385824,-64.61475928036623,0.0001,64,32,5000,ula,30
10944,1389888,-61.6513959699471,0.0001,64,32,5000,ula,30
10976,1393952,-65.20447525777843,0.0001,64,32,5000,ula,30
11008,1398016,-65.44095689874605,0.0001,64,32,5000,ula,30
11040,1402080,-63.606459550864415,0.0001,64,32,5000,ula,30
11072,1406144,-71.54465934008022,0.0001,64,32,5000,ula,30
11104,1410208,-53.115742583821365,0.0001,64,32,5000,ula,30
11136,1414272,-69.92044535473097,0.0001,64,32,5000,ula,30
11168,1418336,-73.99547258388438,0.0001,64,32,5000,ula,30
11200,1422400,-65.66867265903811,0.0001,64,32,5000,ula,30
11232,1426464,-68.32235380981054,0.0001,64,32,5000,ula,30
11264,1430528,-68.8199195796203,0.0001,64,32,5000,ula,30
11296,1434592,-68.44084499166574,0.0001,64,32,5000,ula,30
11328,1438656,-68.95630403039821,0.0001,64,32,5000,ula,30
11360,1442720,-63.66590144375081,0.0001,64,32,5000,ula,30
11392,1446784,-69.44435979640801,0.0001,64,32,5000,ula,30
11424,1450848,-68.12170584805855,0.0001,64,32,5000,ula,30
11456,1454912,-65.257150180594,0.0001,64,32,5000,ula,30
11488,1458976,-64.52373928852094,0.0001,64,32,5000,ula,30
11520,1463040,-64.15346480109196,0.0001,64,32,5000,ula,30
11552,1467104,-56.03126039657087,0.0001,64,32,5000,ula,30
11584,1471168,-63.46668242236526,0.0001,64,32,5000,ula,30
11616,1475232,-68.00226097809663,0.0001,64,32,5000,ula,30
11648,1479296,-71.38904165754475,0.0001,64,32,5000,ula,30
11680,1483360,-73.7513328873066,0.0001,64,32,5000,ula,30
11712,1487424,-67.34228265997852,0.0001,64,32,5000,ula,30
11744,1491488,-71.9303869380892,0.0001,64,32,5000,ula,30
11776,1495552,-65.31614219336038,0.0001,64,32,5000,ula,30
11808,1499616,-71.39193406463252,0.0001,64,32,5000,ula,30
11840,1503680,-66.99055039262196,0.0001,64,32,5000,ula,30
11872,1507744,-66.8190101970849,0.0001,64,32,5000,ula,30
11904,1511808,-68.20793474887532,0.0001,64,32,5000,ula,30
11936,1515872,-68.95159535079328,0.0001,64,32,5000,ula,30
11968,1519936,-70.31181154595383,0.0001,64,32,5000,ula,30
12000,1524000,-71.90309219612543,0.0001,64,32,5000,ula,30
12032,1528064,-64.49036122286844,0.0001,64,32,5000,ula,30
12064,1532128,-72.52062307388584,0.0001,64,32,5000,ula,30
12096,1536192,-73.35421057114492,0.0001,64,32,5000,ula,30
12128,1540256,-70.23040631991434,0.0001,64,32,5000,ula,30
12160,1544320,-72.1960868926646,0.0001,64,32,5000,ula,30
12192,1548384,-61.45123902572644,0.0001,64,32,5000,ula,30
12224,1552448,-68.40039532910747,0.0001,64,32,5000,ula,30
12256,1556512,-67.8003805217957,0.0001,64,32,5000,ula,30
12288,1560576,-71.15564797371255,0.0001,64,32,5000,ula,30
12320,1564640,-67.55533595788413,0.0001,64,32,5000,ula,30
12352,1568704,-59.0615916215585,0.0001,64,32,5000,ula,30
12384,1572768,-70.01128546519212,0.0001,64,32,5000,ula,30
12416,1576832,-68.5876826730746,0.0001,64,32,5000,ula,30
12448,1580896,-69.0939485034184,0.0001,64,32,5000,ula,30
12480,1584960,-68.05077603577179,0.0001,64,32,5000,ula,30
12512,1589024,-69.24049148148453,0.0001,64,32,5000,ula,30
12544,1593088,-69.3205283775251,0.0001,64,32,5000,ula,30
12576,1597152,-60.24411479988995,0.0001,64,32,5000,ula,30
12608,1601216,-67.07726897162134,0.0001,64,32,5000,ula,30
12640,1605280,-59.33026852335858,0.0001,64,32,5000,ula,30
12672,1609344,-69.39144583334502,0.0001,64,32,5000,ula,30
12704,1613408,-73.41745365652342,0.0001,64,32,5000,ula,30
12736,1617472,-71.29318133589989,0.0001,64,32,5000,ula,30
12768,1621536,-66.84939582275886,0.0001,64,32,5000,ula,30
12800,1625600,-64.97438344293192,0.0001,64,32,5000,ula,30
12832,1629664,-69.91600432114639,0.0001,64,32,5000,ula,30
12864,1633728,-65.36639718149829,0.0001,64,32,5000,ula,30
12896,1637792,-69.27929497187434,0.0001,64,32,5000,ula,30
12928,1641856,-66.8301469889096,0.0001,64,32,5000,ula,30
12960,1645920,-64.68155603903367,0.0001,64,32,5000,ula,30
12992,1649984,-68.40140796294948,0.0001,64,32,5000,ula,30
13024,1654048,-69.3498354573703,0.0001,64,32,5000,ula,30
13056,1658112,-71.62612387767754,0.0001,64,32,5000,ula,30
13088,1662176,-69.67405507983584,0.0001,64,32,5000,ula,30
13120,1666240,-67.02322598904443,0.0001,64,32,5000,ula,30
13152,1670304,-68.51618459302358,0.0001,64,32,5000,ula,30
13184,1674368,-60.60889173346036,0.0001,64,32,5000,ula,30
13216,1678432,-67.27603527736649,0.0001,64,32,5000,ula,30
13248,1682496,-69.84361996830432,0.0001,64,32,5000,ula,30
13280,1686560,-64.15876630540275,0.0001,64,32,5000,ula,30
13312,1690624,-68.8954511681805,0.0001,64,32,5000,ula,30
13344,1694688,-67.75608828968588,0.0001,64,32,5000,ula,30
13376,1698752,-60.034488870810364,0.0001,64,32,5000,ula,30
13408,1702816,-65.79066253369058,0.0001,64,32,5000,ula,30
13440,1706880,-71.23971520799881,0.0001,64,32,5000,ula,30
13472,1710944,-67.3437355089763,0.0001,64,32,5000,ula,30
13504,1715008,-66.86694917644186,0.0001,64,32,5000,ula,30
13536,1719072,-55.55007852835518,0.0001,64,32,5000,ula,30
13568,1723136,-64.32855271016221,0.0001,64,32,5000,ula,30
13600,1727200,-70.46222237586846,0.0001,64,32,5000,ula,30
13632,1731264,-66.19169208239931,0.0001,64,32,5000,ula,30
13664,1735328,-68.08193985965538,0.0001,64,32,5000,ula,30
13696,1739392,-70.11050992041008,0.0001,64,32,5000,ula,30
13728,1743456,-69.64005005153129,0.0001,64,32,5000,ula,30
13760,1747520,-68.0053757602875,0.0001,64,32,5000,ula,30
13792,1751584,-69.67677814617524,0.0001,64,32,5000,ula,30
13824,1755648,-68.60662280057673,0.0001,64,32,5000,ula,30
13856,1759712,-67.21748032564354,0.0001,64,32,5000,ula,30
13888,1763776,-68.64317670956929,0.0001,64,32,5000,ula,30
13920,1767840,-69.1480746299586,0.0001,64,32,5000,ula,30
13952,1771904,-68.03611797440786,0.0001,64,32,5000,ula,30
13984,1775968,-69.40473356125032,0.0001,64,32,5000,ula,30
14016,1780032,-63.016931693807415,0.0001,64,32,5000,ula,30
14048,1784096,-68.40632211302295,0.0001,64,32,5000,ula,30
14080,1788160,-63.05211767467084,0.0001,64,32,5000,ula,30
14112,1792224,-65.7966378332488,0.0001,64,32,5000,ula,30
14144,1796288,-65.54942550957928,0.0001,64,32,5000,ula,30
14176,1800352,-65.76679918101563,0.0001,64,32,5000,ula,30
14208,1804416,-68.87638019773176,0.0001,64,32,5000,ula,30
14240,1808480,-64.27626193527351,0.0001,64,32,5000,ula,30
14272,1812544,-66.25782432593448,0.0001,64,32,5000,ula,30
14304,1816608,-71.0219534569791,0.0001,64,32,5000,ula,30
14336,1820672,-67.10124778702396,0.0001,64,32,5000,ula,30
14368,1824736,-63.382341652792995,0.0001,64,32,5000,ula,30
14400,1828800,-62.216998969519,0.0001,64,32,5000,ula,30
14432,1832864,-72.72327956197505,0.0001,64,32,5000,ula,30
14464,1836928,-72.6450479055412,0.0001,64,32,5000,ula,30
14496,1840992,-66.01364659956185,0.0001,64,32,5000,ula,30
14528,1845056,-72.95687433624487,0.0001,64,32,5000,ula,30
14560,1849120,-73.40541643164985,0.0001,64,32,5000,ula,30
14592,1853184,-71.76783351372926,0.0001,64,32,5000,ula,30
14624,1857248,-67.09851564453164,0.0001,64,32,5000,ula,30
14656,1861312,-71.96891718014956,0.0001,64,32,5000,ula,30
14688,1865376,-71.225320363433,0.0001,64,32,5000,ula,30
14720,1869440,-65.56645264089936,0.0001,64,32,5000,ula,30
14752,1873504,-66.59115658217746,0.0001,64,32,5000,ula,30
14784,1877568,-71.11718216153608,0.0001,64,32,5000,ula,30
14816,1881632,-66.69136844147084,0.0001,64,32,5000,ula,30
14848,1885696,-69.1281593537147,0.0001,64,32,5000,ula,30
14880,1889760,-70.41670854125572,0.0001,64,32,5000,ula,30
14912,1893824,-55.32446151652975,0.0001,64,32,5000,ula,30
14944,1897888,-70.98924433546536,0.0001,64,32,5000,ula,30
14976,1901952,-69.74804033387484,0.0001,64,32,5000,ula,30
15008,1906016,-65.26425124961695,0.0001,64,32,5000,ula,30
15040,1910080,-72.23062613297046,0.0001,64,32,5000,ula,30
15072,1914144,-64.78502608863207,0.0001,64,32,5000,ula,30
15104,1918208,-67.72395278219683,0.0001,64,32,5000,ula,30
15136,1922272,-63.05443555085823,0.0001,64,32,5000,ula,30
15168,1926336,-65.67054538849032,0.0001,64,32,5000,ula,30
15200,1930400,-73.38434540759083,0.0001,64,32,5000,ula,30
15232,1934464,-69.38197056364153,0.0001,64,32,5000,ula,30
15264,1938528,-68.04098428964366,0.0001,64,32,5000,ula,30
15296,1942592,-69.44725136908404,0.0001,64,32,5000,ula,30
15328,1946656,-68.73194593949043,0.0001,64,32,5000,ula,30
15360,1950720,-66.39983942127579,0.0001,64,32,5000,ula,30
15392,1954784,-68.25121825213904,0.0001,64,32,5000,ula,30
15424,1958848,-61.50195973419795,0.0001,64,32,5000,ula,30
15456,1962912,-71.74378098288446,0.0001,64,32,5000,ula,30
15488,1966976,-67.42695452198592,0.0001,64,32,5000,ula,30
15520,1971040,-68.70544338049099,0.0001,64,32,5000,ula,30
15552,1975104,-67.58803049562405,0.0001,64,32,5000,ula,30
15584,1979168,-68.57141995764405,0.0001,64,32,5000,ula,30
15616,1983232,-72.16251504726849,0.0001,64,32,5000,ula,30
15648,1987296,-71.76340786176537,0.0001,64,32,5000,ula,30
15680,1991360,-67.54135669136585,0.0001,64,32,5000,ula,30
15712,1995424,-66.14262561929552,0.0001,64,32,5000,ula,30
15744,1999488,-66.6026294169549,0.0001,64,32,5000,ula,30
15776,2003552,-71.11159636092961,0.0001,64,32,5000,ula,30
15808,2007616,-71.41023400076479,0.0001,64,32,5000,ula,30
15840,2011680,-72.60325513381059,0.0001,64,32,5000,ula,30
15872,2015744,-71.25120150500324,0.0001,64,32,5000,ula,30
15904,2019808,-68.95428061763081,0.0001,64,32,5000,ula,30
15936,2023872,-67.58962292386872,0.0001,64,32,5000,ula,30
15968,2027936,-67.43532051674147,0.0001,64,32,5000,ula,30
16000,2032000,-70.82331633796298,0.0001,64,32,5000,ula,30
16032,2036064,-69.48081941558463,0.0001,64,32,5000,ula,30
16064,2040128,-68.56976415974509,0.0001,64,32,5000,ula,30
16096,2044192,-69.78782672174441,0.0001,64,32,5000,ula,30
16128,2048256,-73.0673207368607,0.0001,64,32,5000,ula,30
16160,2052320,-65.1512920903183,0.0001,64,32,5000,ula,30
16192,2056384,-71.05447910146027,0.0001,64,32,5000,ula,30
16224,2060448,-70.05021828843856,0.0001,64,32,5000,ula,30
16256,2064512,-68.04557162389344,0.0001,64,32,5000,ula,30
16288,2068576,-68.14032421753589,0.0001,64,32,5000,ula,30
16320,2072640,-68.51176352544194,0.0001,64,32,5000,ula,30
16352,2076704,-59.878507487757574,0.0001,64,32,5000,ula,30
16384,2080768,-70.31837654451246,0.0001,64,32,5000,ula,30
16416,2084832,-69.62717791483499,0.0001,64,32,5000,ula,30
16448,2088896,-69.37826620250718,0.0001,64,32,5000,ula,30
16480,2092960,-69.5184092685024,0.0001,64,32,5000,ula,30
16512,2097024,-73.59476087314788,0.0001,64,32,5000,ula,30
16544,2101088,-63.23089883469082,0.0001,64,32,5000,ula,30
16576,2105152,-70.19600191340335,0.0001,64,32,5000,ula,30
16608,2109216,-62.16939280809326,0.0001,64,32,5000,ula,30
16640,2113280,-66.32300441747654,0.0001,64,32,5000,ula,30
16672,2117344,-70.11533885503765,0.0001,64,32,5000,ula,30
16704,2121408,-68.53257031698914,0.0001,64,32,5000,ula,30
16736,2125472,-68.60421030587528,0.0001,64,32,5000,ula,30
16768,2129536,-69.25186829211383,0.0001,64,32,5000,ula,30
16800,2133600,-66.97076409924688,0.0001,64,32,5000,ula,30
16832,2137664,-70.00982398072036,0.0001,64,32,5000,ula,30
16864,2141728,-65.04848208030008,0.0001,64,32,5000,ula,30
16896,2145792,-60.88657354600833,0.0001,64,32,5000,ula,30
16928,2149856,-64.91057642426597,0.0001,64,32,5000,ula,30
16960,2153920,-71.5690966156252,0.0001,64,32,5000,ula,30
16992,2157984,-55.815596600566245,0.0001,64,32,5000,ula,30
17024,2162048,-66.30158984433201,0.0001,64,32,5000,ula,30
17056,2166112,-66.53205165118263,0.0001,64,32,5000,ula,30
17088,2170176,-65.02792637120257,0.0001,64,32,5000,ula,30
17120,2174240,-69.53233136154522,0.0001,64,32,5000,ula,30
17152,2178304,-67.94763719630109,0.0001,64,32,5000,ula,30
17184,2182368,-68.5321429928129,0.0001,64,32,5000,ula,30
17216,2186432,-57.714310930911395,0.0001,64,32,5000,ula,30
17248,2190496,-64.18891778240996,0.0001,64,32,5000,ula,30
17280,2194560,-66.55489245935252,0.0001,64,32,5000,ula,30
17312,2198624,-75.02486278822103,0.0001,64,32,5000,ula,30
17344,2202688,-57.01864312481434,0.0001,64,32,5000,ula,30
17376,2206752,-67.16345372362434,0.0001,64,32,5000,ula,30
17408,2210816,-69.09294404307919,0.0001,64,32,5000,ula,30
17440,2214880,-60.326758087728486,0.0001,64,32,5000,ula,30
17472,2218944,-69.91528522082452,0.0001,64,32,5000,ula,30
17504,2223008,-70.52279361063724,0.0001,64,32,5000,ula,30
17536,2227072,-65.72663111554776,0.0001,64,32,5000,ula,30
17568,2231136,-69.01246024080707,0.0001,64,32,5000,ula,30
17600,2235200,-65.49812903969085,0.0001,64,32,5000,ula,30
17632,2239264,-60.224551367394476,0.0001,64,32,5000,ula,30
17664,2243328,-71.86512103216867,0.0001,64,32,5000,ula,30
17696,2247392,-67.74537052645078,0.0001,64,32,5000,ula,30
17728,2251456,-72.42624132698741,0.0001,64,32,5000,ula,30
17760,2255520,-65.8400266987451,0.0001,64,32,5000,ula,30
17792,2259584,-67.26304803636074,0.0001,64,32,5000,ula,30
17824,2263648,-70.701979329376,0.0001,64,32,5000,ula,30
17856,2267712,-66.96954730493356,0.0001,64,32,5000,ula,30
17888,2271776,-66.68469024823052,0.0001,64,32,5000,ula,30
17920,2275840,-69.04519499024033,0.0001,64,32,5000,ula,30
17952,2279904,-67.69990058589589,0.0001,64,32,5000,ula,30
17984,2283968,-68.74837813785898,0.0001,64,32,5000,ula,30
18016,2288032,-71.9613693388707,0.0001,64,32,5000,ula,30
18048,2292096,-68.42320216638964,0.0001,64,32,5000,ula,30
18080,2296160,-65.10541749802167,0.0001,64,32,5000,ula,30
18112,2300224,-73.03806540388422,0.0001,64,32,5000,ula,30
18144,2304288,-70.60108460220977,0.0001,64,32,5000,ula,30
18176,2308352,-68.63377512052479,0.0001,64,32,5000,ula,30
18208,2312416,-70.73850447322869,0.0001,64,32,5000,ula,30
18240,2316480,-65.8588988249988,0.0001,64,32,5000,ula,30
18272,2320544,-63.48537365921145,0.0001,64,32,5000,ula,30
18304,2324608,-70.78816271108617,0.0001,64,32,5000,ula,30
18336,2328672,-67.2607656012505,0.0001,64,32,5000,ula,30
18368,2332736,-60.838921548636016,0.0001,64,32,5000,ula,30
18400,2336800,-68.72544496571723,0.0001,64,32,5000,ula,30
18432,2340864,-70.759565262228,0.0001,64,32,5000,ula,30
18464,2344928,-68.01058583372149,0.0001,64,32,5000,ula,30
18496,2348992,-69.61011585297177,0.0001,64,32,5000,ula,30
18528,2353056,-70.58494390277882,0.0001,64,32,5000,ula,30
18560,2357120,-68.65946373968454,0.0001,64,32,5000,ula,30
18592,2361184,-65.65246779667406,0.0001,64,32,5000,ula,30
18624,2365248,-70.49853415595831,0.0001,64,32,5000,ula,30
18656,2369312,-69.49117802743285,0.0001,64,32,5000,ula,30
18688,2373376,-71.85658252255601,0.0001,64,32,5000,ula,30
18720,2377440,-58.73996109859214,0.0001,64,32,5000,ula,30
18752,2381504,-66.99665892922656,0.0001,64,32,5000,ula,30
18784,2385568,-67.54553630309941,0.0001,64,32,5000,ula,30
18816,2389632,-64.94268787072868,0.0001,64,32,5000,ula,30
18848,2393696,-70.72945781695206,0.0001,64,32,5000,ula,30
18880,2397760,-69.74149001058157,0.0001,64,32,5000,ula,30
18912,2401824,-68.57521549100794,0.0001,64,32,5000,ula,30
18944,2405888,-68.15279501669782,0.0001,64,32,5000,ula,30
18976,2409952,-66.33815371638131,0.0001,64,32,5000,ula,30
19008,2414016,-67.64964121039631,0.0001,64,32,5000,ula,30
19040,2418080,-70.07969790901674,0.0001,64,32,5000,ula,30
19072,2422144,-70.22585305404421,0.0001,64,32,5000,ula,30
19104,2426208,-68.09354706858514,0.0001,64,32,5000,ula,30
19136,2430272,-68.57852301503603,0.0001,64,32,5000,ula,30
19168,2434336,-71.22600846365224,0.0001,64,32,5000,ula,30
19200,2438400,-63.30120403542286,0.0001,64,32,5000,ula,30
19232,2442464,-71.41194443835272,0.0001,64,32,5000,ula,30
19264,2446528,-69.88266703373925,0.0001,64,32,5000,ula,30
19296,2450592,-64.46069233807768,0.0001,64,32,5000,ula,30
19328,2454656,-70.9536189395198,0.0001,64,32,5000,ula,30
19360,2458720,-71.35796274376392,0.0001,64,32,5000,ula,30
19392,2462784,-70.84846459893761,0.0001,64,32,5000,ula,30
19424,2466848,-64.81030450260619,0.0001,64,32,5000,ula,30
19456,2470912,-69.99209365370884,0.0001,64,32,5000,ula,30
19488,2474976,-68.527466364564,0.0001,64,32,5000,ula,30
19520,2479040,-69.96679895398528,0.0001,64,32,5000,ula,30
19552,2483104,-62.880535342522045,0.0001,64,32,5000,ula,30
19584,2487168,-67.77411543838195,0.0001,64,32,5000,ula,30
19616,2491232,-67.33722814469503,0.0001,64,32,5000,ula,30
19648,2495296,-69.47019034553928,0.0001,64,32,5000,ula,30
19680,2499360,-70.3782158349923,0.0001,64,32,5000,ula,30
19712,2503424,-63.22492083728314,0.0001,64,32,5000,ula,30
19744,2507488,-67.17751138435833,0.0001,64,32,5000,ula,30
19776,2511552,-65.83767241766323,0.0001,64,32,5000,ula,30
19808,2515616,-64.85864192871408,0.0001,64,32,5000,ula,30
19840,2519680,-74.91299194643123,0.0001,64,32,5000,ula,30
19872,2523744,-67.20359792097459,0.0001,64,32,5000,ula,30
19904,2527808,-70.67296019995683,0.0001,64,32,5000,ula,30
19936,2531872,-69.77383315606092,0.0001,64,32,5000,ula,30
19968,2535936,-67.93412642469363,0.0001,64,32,5000,ula,30
20000,2540000,-66.01407640116518,0.0001,64,32,5000,ula,30
20032,2544064,-66.11536779172972,0.0001,64,32,5000,ula,30
20064,2548128,-68.5645458415555,0.0001,64,32,5000,ula,30
20096,2552192,-70.03740414319284,0.0001,64,32,5000,ula,30
20128,2556256,-67.28718845192638,0.0001,64,32,5000,ula,30
20160,2560320,-68.53476676790106,0.0001,64,32,5000,ula,30
20192,2564384,-67.35617470532327,0.0001,64,32,5000,ula,30
20224,2568448,-69.74946496818413,0.0001,64,32,5000,ula,30
20256,2572512,-63.50001434486036,0.0001,64,32,5000,ula,30
20288,2576576,-69.09963791095484,0.0001,64,32,5000,ula,30
20320,2580640,-57.04834836172366,0.0001,64,32,5000,ula,30
20352,2584704,-71.75099463271535,0.0001,64,32,5000,ula,30
20384,2588768,-70.82997315798862,0.0001,64,32,5000,ula,30
20416,2592832,-67.86149701822004,0.0001,64,32,5000,ula,30
20448,2596896,-66.80576964602447,0.0001,64,32,5000,ula,30
20480,2600960,-64.6435600177037,0.0001,64,32,5000,ula,30
20512,2605024,-55.53640990147397,0.0001,64,32,5000,ula,30
20544,2609088,-67.71575332903927,0.0001,64,32,5000,ula,30
20576,2613152,-63.68098304432251,0.0001,64,32,5000,ula,30
20608,2617216,-71.39135937355722,0.0001,64,32,5000,ula,30
20640,2621280,-66.07925950804459,0.0001,64,32,5000,ula,30
20672,2625344,-69.12006819883213,0.0001,64,32,5000,ula,30
20704,2629408,-70.62668139478427,0.0001,64,32,5000,ula,30
20736,2633472,-68.17684374342267,0.0001,64,32,5000,ula,30
20768,2637536,-67.61627167660443,0.0001,64,32,5000,ula,30
20800,2641600,-67.99197100544052,0.0001,64,32,5000,ula,30
20832,2645664,-68.78164785547663,0.0001,64,32,5000,ula,30
20864,2649728,-65.19200474174832,0.0001,64,32,5000,ula,30
20896,2653792,-67.30421080305474,0.0001,64,32,5000,ula,30
20928,2657856,-65.11363422850313,0.0001,64,32,5000,ula,30
20960,2661920,-67.08855843379675,0.0001,64,32,5000,ula,30
20992,2665984,-72.10534456808209,0.0001,64,32,5000,ula,30
21024,2670048,-67.56138814277858,0.0001,64,32,5000,ula,30
21056,2674112,-65.38556463076718,0.0001,64,32,5000,ula,30
21088,2678176,-68.70318613471372,0.0001,64,32,5000,ula,30
21120,2682240,-64.62059195953996,0.0001,64,32,5000,ula,30
21152,2686304,-64.95531380838898,0.0001,64,32,5000,ula,30
21184,2690368,-66.41717664451568,0.0001,64,32,5000,ula,30
21216,2694432,-65.37476168971673,0.0001,64,32,5000,ula,30
21248,2698496,-70.27861466270497,0.0001,64,32,5000,ula,30
21280,2702560,-65.09137352904432,0.0001,64,32,5000,ula,30
21312,2706624,-70.43756997290068,0.0001,64,32,5000,ula,30
21344,2710688,-71.03847240039477,0.0001,64,32,5000,ula,30
21376,2714752,-71.89720423881184,0.0001,64,32,5000,ula,30
21408,2718816,-63.47161784341383,0.0001,64,32,5000,ula,30
21440,2722880,-67.90060786149392,0.0001,64,32,5000,ula,30
21472,2726944,-68.0173640510219,0.0001,64,32,5000,ula,30
21504,2731008,-71.45680175066218,0.0001,64,32,5000,ula,30
21536,2735072,-62.53466263206047,0.0001,64,32,5000,ula,30
21568,2739136,-65.25446785624455,0.0001,64,32,5000,ula,30
21600,2743200,-68.54665566107147,0.0001,64,32,5000,ula,30
21632,2747264,-67.65308170995519,0.0001,64,32,5000,ula,30
21664,2751328,-71.2364621507497,0.0001,64,32,5000,ula,30
21696,2755392,-68.15946318305443,0.0001,64,32,5000,ula,30
21728,2759456,-68.93591537930021,0.0001,64,32,5000,ula,30
21760,2763520,-65.09159019236085,0.0001,64,32,5000,ula,30
21792,2767584,-68.462932643821,0.0001,64,32,5000,ula,30
21824,2771648,-71.08132540703511,0.0001,64,32,5000,ula,30
21856,2775712,-73.47967764713427,0.0001,64,32,5000,ula,30
21888,2779776,-65.9112197242972,0.0001,64,32,5000,ula,30
21920,2783840,-70.80829176464921,0.0001,64,32,5000,ula,30
21952,2787904,-68.58762248650899,0.0001,64,32,5000,ula,30
21984,2791968,-61.84823372613437,0.0001,64,32,5000,ula,30
22016,2796032,-67.78997170763338,0.0001,64,32,5000,ula,30
22048,2800096,-72.75547936411279,0.0001,64,32,5000,ula,30
22080,2804160,-67.59762646474152,0.0001,64,32,5000,ula,30
22112,2808224,-68.75047451274037,0.0001,64,32,5000,ula,30
22144,2812288,-66.54274227583242,0.0001,64,32,5000,ula,30
22176,2816352,-67.6806602993579,0.0001,64,32,5000,ula,30
22208,2820416,-65.82699400502949,0.0001,64,32,5000,ula,30
22240,2824480,-73.68059013832382,0.0001,64,32,5000,ula,30
22272,2828544,-70.27433257274362,0.0001,64,32,5000,ula,30
22304,2832608,-66.02717827364445,0.0001,64,32,5000,ula,30
22336,2836672,-63.234352093437536,0.0001,64,32,5000,ula,30
22368,2840736,-64.7163973704211,0.0001,64,32,5000,ula,30
22400,2844800,-66.01539829902593,0.0001,64,32,5000,ula,30
22432,2848864,-60.167942696872586,0.0001,64,32,5000,ula,30
22464,2852928,-67.22970897550148,0.0001,64,32,5000,ula,30
22496,2856992,-71.59633929789622,0.0001,64,32,5000,ula,30
22528,2861056,-62.36494354903651,0.0001,64,32,5000,ula,30
22560,2865120,-69.75909769928377,0.0001,64,32,5000,ula,30
22592,2869184,-73.73839063467594,0.0001,64,32,5000,ula,30
22624,2873248,-65.83280108378192,0.0001,64,32,5000,ula,30
22656,2877312,-66.28941687426659,0.0001,64,32,5000,ula,30
22688,2881376,-65.61081897178417,0.0001,64,32,5000,ula,30
22720,2885440,-66.49346271794238,0.0001,64,32,5000,ula,30
22752,2889504,-60.969113194196794,0.0001,64,32,5000,ula,30
22784,2893568,-68.5275692396933,0.0001,64,32,5000,ula,30
22816,2897632,-70.30048358896576,0.0001,64,32,5000,ula,30
22848,2901696,-64.75881163134389,0.0001,64,32,5000,ula,30
22880,2905760,-68.79357155730736,0.0001,64,32,5000,ula,30
22912,2909824,-68.68565128591864,0.0001,64,32,5000,ula,30
22944,2913888,-69.3839466685026,0.0001,64,32,5000,ula,30
22976,2917952,-67.52435643784041,0.0001,64,32,5000,ula,30
23008,2922016,-71.22035849239067,0.0001,64,32,5000,ula,30
23040,2926080,-67.5902867178367,0.0001,64,32,5000,ula,30
23072,2930144,-68.39632799010687,0.0001,64,32,5000,ula,30
23104,2934208,-69.24736012393521,0.0001,64,32,5000,ula,30
23136,2938272,-64.06715902759652,0.0001,64,32,5000,ula,30
23168,2942336,-71.53833785582711,0.0001,64,32,5000,ula,30
23200,2946400,-66.85431167261719,0.0001,64,32,5000,ula,30
23232,2950464,-68.13614912382359,0.0001,64,32,5000,ula,30
23264,2954528,-65.37088372595439,0.0001,64,32,5000,ula,30
23296,2958592,-68.07632301703316,0.0001,64,32,5000,ula,30
23328,2962656,-69.51451799739982,0.0001,64,32,5000,ula,30
23360,2966720,-71.84932527414095,0.0001,64,32,5000,ula,30
23392,2970784,-69.58078423066463,0.0001,64,32,5000,ula,30
23424,2974848,-69.99290638888034,0.0001,64,32,5000,ula,30
23456,2978912,-65.54887960639509,0.0001,64,32,5000,ula,30
23488,2982976,-73.3165357858357,0.0001,64,32,5000,ula,30
23520,2987040,-64.96287381085811,0.0001,64,32,5000,ula,30
23552,2991104,-65.25819444621472,0.0001,64,32,5000,ula,30
23584,2995168,-65.06118547722156,0.0001,64,32,5000,ula,30
23616,2999232,-69.67544760259358,0.0001,64,32,5000,ula,30
23648,3003296,-63.71255121578299,0.0001,64,32,5000,ula,30
23680,3007360,-63.12471929994502,0.0001,64,32,5000,ula,30
23712,3011424,-70.05688560299173,0.0001,64,32,5000,ula,30
23744,3015488,-61.5300696880401,0.0001,64,32,5000,ula,30
23776,3019552,-67.35271416946698,0.0001,64,32,5000,ula,30
23808,3023616,-69.01553943549034,0.0001,64,32,5000,ula,30
23840,3027680,-68.0260592563755,0.0001,64,32,5000,ula,30
23872,3031744,-70.72845125924842,0.0001,64,32,5000,ula,30
23904,3035808,-63.97727153410404,0.0001,64,32,5000,ula,30
23936,3039872,-70.44711551575246,0.0001,64,32,5000,ula,30
23968,3043936,-72.48460539605075,0.0001,64,32,5000,ula,30
24000,3048000,-74.03654790831786,0.0001,64,32,5000,ula,30
24032,3052064,-68.61346856308936,0.0001,64,32,5000,ula,30
24064,3056128,-67.4138241523885,0.0001,64,32,5000,ula,30
24096,3060192,-66.11458056267222,0.0001,64,32,5000,ula,30
24128,3064256,-68.54827843205292,0.0001,64,32,5000,ula,30
24160,3068320,-64.91698324444161,0.0001,64,32,5000,ula,30
24192,3072384,-68.4121860571572,0.0001,64,32,5000,ula,30
24224,3076448,-64.93426098885773,0.0001,64,32,5000,ula,30
24256,3080512,-70.97205572039715,0.0001,64,32,5000,ula,30
24288,3084576,-61.68252438560385,0.0001,64,32,5000,ula,30
24320,3088640,-66.40470526390095,0.0001,64,32,5000,ula,30
24352,3092704,-71.42066544321962,0.0001,64,32,5000,ula,30
24384,3096768,-71.48580943586006,0.0001,64,32,5000,ula,30
24416,3100832,-60.52078679977856,0.0001,64,32,5000,ula,30
24448,3104896,-64.58646950785064,0.0001,64,32,5000,ula,30
24480,3108960,-66.18170776241058,0.0001,64,32,5000,ula,30
24512,3113024,-69.6994695262885,0.0001,64,32,5000,ula,30
24544,3117088,-67.20460290067386,0.0001,64,32,5000,ula,30
24576,3121152,-69.2107215523581,0.0001,64,32,5000,ula,30
24608,3125216,-68.83301868771554,0.0001,64,32,5000,ula,30
24640,3129280,-72.89068132932584,0.0001,64,32,5000,ula,30
24672,3133344,-68.73638562431522,0.0001,64,32,5000,ula,30
24704,3137408,-62.7424138173766,0.0001,64,32,5000,ula,30
24736,3141472,-73.61532724923701,0.0001,64,32,5000,ula,30
24768,3145536,-68.77672908723238,0.0001,64,32,5000,ula,30
24800,3149600,-68.31957968457172,0.0001,64,32,5000,ula,30
24832,3153664,-68.26794162300423,0.0001,64,32,5000,ula,30
24864,3157728,-62.5428284730169,0.0001,64,32,5000,ula,30
24896,3161792,-67.05197729438507,0.0001,64,32,5000,ula,30
24928,3165856,-64.55995663445039,0.0001,64,32,5000,ula,30
24960,3169920,-69.87121111085163,0.0001,64,32,5000,ula,30
24992,3173984,-69.87024033038628,0.0001,64,32,5000,ula,30
25024,3178048,-68.85515554383971,0.0001,64,32,5000,ula,30
25056,3182112,-69.75711239828458,0.0001,64,32,5000,ula,30
25088,3186176,-67.22021751811364,0.0001,64,32,5000,ula,30
25120,3190240,-68.33390850823885,0.0001,64,32,5000,ula,30
25152,3194304,-65.72631609936326,0.0001,64,32,5000,ula,30
25184,3198368,-69.20968779828637,0.0001,64,32,5000,ula,30
25216,3202432,-68.97709142279214,0.0001,64,32,5000,ula,30
25248,3206496,-67.51212293463006,0.0001,64,32,5000,ula,30
25280,3210560,-70.60766574471663,0.0001,64,32,5000,ula,30
25312,3214624,-65.63747577847641,0.0001,64,32,5000,ula,30
25344,3218688,-64.25846863860968,0.0001,64,32,5000,ula,30
25376,3222752,-70.2492390152366,0.0001,64,32,5000,ula,30
25408,3226816,-72.02767709589573,0.0001,64,32,5000,ula,30
25440,3230880,-66.67979110712388,0.0001,64,32,5000,ula,30
25472,3234944,-68.45349522153322,0.0001,64,32,5000,ula,30
25504,3239008,-68.49672924893079,0.0001,64,32,5000,ula,30
25536,3243072,-70.32153981046133,0.0001,64,32,5000,ula,30
25568,3247136,-69.2393523608847,0.0001,64,32,5000,ula,30
25600,3251200,-70.76999778098988,0.0001,64,32,5000,ula,30
25632,3255264,-69.49896573626295,0.0001,64,32,5000,ula,30
25664,3259328,-59.67991196049657,0.0001,64,32,5000,ula,30
25696,3263392,-66.9324338146784,0.0001,64,32,5000,ula,30
25728,3267456,-62.47408432965706,0.0001,64,32,5000,ula,30
25760,3271520,-71.12569198623599,0.0001,64,32,5000,ula,30
25792,3275584,-69.91387671218305,0.0001,64,32,5000,ula,30
25824,3279648,-60.25917945419019,0.0001,64,32,5000,ula,30
25856,3283712,-64.47530574632695,0.0001,64,32,5000,ula,30
25888,3287776,-69.16935139620598,0.0001,64,32,5000,ula,30
25920,3291840,-72.54156366947672,0.0001,64,32,5000,ula,30
25952,3295904,-72.16386486114004,0.0001,64,32,5000,ula,30
25984,3299968,-71.8689215370397,0.0001,64,32,5000,ula,30
26016,3304032,-69.9121882342855,0.0001,64,32,5000,ula,30
26048,3308096,-57.4551568746608,0.0001,64,32,5000,ula,30
26080,3312160,-67.43600049657114,0.0001,64,32,5000,ula,30
26112,3316224,-65.60562306723696,0.0001,64,32,5000,ula,30
26144,3320288,-68.4930261016097,0.0001,64,32,5000,ula,30
26176,3324352,-66.94111210499241,0.0001,64,32,5000,ula,30
26208,3328416,-66.53502174869276,0.0001,64,32,5000,ula,30
26240,3332480,-64.35461587706075,0.0001,64,32,5000,ula,30
26272,3336544,-68.3420189835834,0.0001,64,32,5000,ula,30
26304,3340608,-63.425701398805316,0.0001,64,32,5000,ula,30
26336,3344672,-68.32069257335554,0.0001,64,32,5000,ula,30
26368,3348736,-67.74699661286905,0.0001,64,32,5000,ula,30
26400,3352800,-67.98022070694282,0.0001,64,32,5000,ula,30
26432,3356864,-66.36255502665209,0.0001,64,32,5000,ula,30
26464,3360928,-72.40729734388331,0.0001,64,32,5000,ula,30
26496,3364992,-68.57483680614932,0.0001,64,32,5000,ula,30
26528,3369056,-62.508137508773665,0.0001,64,32,5000,ula,30
26560,3373120,-66.89380954232529,0.0001,64,32,5000,ula,30
26592,3377184,-68.87382809893522,0.0001,64,32,5000,ula,30
26624,3381248,-65.17632891336747,0.0001,64,32,5000,ula,30
26656,3385312,-70.83709067251111,0.0001,64,32,5000,ula,30
26688,3389376,-62.43036837258616,0.0001,64,32,5000,ula,30
26720,3393440,-63.35416371077383,0.0001,64,32,5000,ula,30
26752,3397504,-64.71945554062786,0.0001,64,32,5000,ula,30
26784,3401568,-68.12947583739533,0.0001,64,32,5000,ula,30
26816,3405632,-61.75977330274249,0.0001,64,32,5000,ula,30
26848,3409696,-69.5885372921473,0.0001,64,32,5000,ula,30
26880,3413760,-63.147611902304824,0.0001,64,32,5000,ula,30
26912,3417824,-59.8416440058368,0.0001,64,32,5000,ula,30
26944,3421888,-67.7320242055392,0.0001,64,32,5000,ula,30
26976,3425952,-65.07989984397659,0.0001,64,32,5000,ula,30
27008,3430016,-71.66390597881629,0.0001,64,32,5000,ula,30
27040,3434080,-63.806873966368975,0.0001,64,32,5000,ula,30
27072,3438144,-65.78985413225453,0.0001,64,32,5000,ula,30
27104,3442208,-70.4775468328071,0.0001,64,32,5000,ula,30
27136,3446272,-69.3599889169342,0.0001,64,32,5000,ula,30
27168,3450336,-66.32654948864868,0.0001,64,32,5000,ula,30
27200,3454400,-71.62860517429914,0.0001,64,32,5000,ula,30
27232,3458464,-70.25414242736991,0.0001,64,32,5000,ula,30
27264,3462528,-68.56496459028511,0.0001,64,32,5000,ula,30
27296,3466592,-72.09598645852182,0.0001,64,32,5000,ula,30
27328,3470656,-73.11573930159503,0.0001,64,32,5000,ula,30
27360,3474720,-72.33403615065707,0.0001,64,32,5000,ula,30
27392,3478784,-70.2225130848508,0.0001,64,32,5000,ula,30
27424,3482848,-70.65235444165167,0.0001,64,32,5000,ula,30
27456,3486912,-68.77821906696849,0.0001,64,32,5000,ula,30
27488,3490976,-66.7127790543335,0.0001,64,32,5000,ula,30
27520,3495040,-61.931140721757025,0.0001,64,32,5000,ula,30
27552,3499104,-67.32927741794623,0.0001,64,32,5000,ula,30
27584,3503168,-67.55718401250856,0.0001,64,32,5000,ula,30
27616,3507232,-69.88207057212155,0.0001,64,32,5000,ula,30
27648,3511296,-66.85922154121863,0.0001,64,32,5000,ula,30
27680,3515360,-71.01367980160708,0.0001,64,32,5000,ula,30
27712,3519424,-69.06351195906198,0.0001,64,32,5000,ula,30
27744,3523488,-62.19489684576838,0.0001,64,32,5000,ula,30
27776,3527552,-66.60177312541389,0.0001,64,32,5000,ula,30
27808,3531616,-70.47457928654482,0.0001,64,32,5000,ula,30
27840,3535680,-71.43210451465387,0.0001,64,32,5000,ula,30
27872,3539744,-65.4958196249934,0.0001,64,32,5000,ula,30
27904,3543808,-64.9206143667796,0.0001,64,32,5000,ula,30
27936,3547872,-68.84079767154346,0.0001,64,32,5000,ula,30
27968,3551936,-63.13928080557996,0.0001,64,32,5000,ula,30
28000,3556000,-67.87385366075898,0.0001,64,32,5000,ula,30
28032,3560064,-68.81756021860784,0.0001,64,32,5000,ula,30
28064,3564128,-72.99053626306484,0.0001,64,32,5000,ula,30
28096,3568192,-68.83739713705147,0.0001,64,32,5000,ula,30
28128,3572256,-65.60477770373761,0.0001,64,32,5000,ula,30
28160,3576320,-67.36437777029897,0.0001,64,32,5000,ula,30
28192,3580384,-64.30629746298779,0.0001,64,32,5000,ula,30
28224,3584448,-59.49963534748524,0.0001,64,32,5000,ula,30
28256,3588512,-64.12633711982251,0.0001,64,32,5000,ula,30
28288,3592576,-64.9225313483488,0.0001,64,32,5000,ula,30
28320,3596640,-72.8734422845178,0.0001,64,32,5000,ula,30
28352,3600704,-68.95617075800865,0.0001,64,32,5000,ula,30
28384,3604768,-68.81501455298013,0.0001,64,32,5000,ula,30
28416,3608832,-68.10451328100585,0.0001,64,32,5000,ula,30
28448,3612896,-71.81455887407364,0.0001,64,32,5000,ula,30
28480,3616960,-70.62374615417009,0.0001,64,32,5000,ula,30
28512,3621024,-70.70113789091225,0.0001,64,32,5000,ula,30
28544,3625088,-66.75409012065907,0.0001,64,32,5000,ula,30
28576,3629152,-66.11307882645971,0.0001,64,32,5000,ula,30
28608,3633216,-56.22333053029063,0.0001,64,32,5000,ula,30
28640,3637280,-73.56668747720548,0.0001,64,32,5000,ula,30
28672,3641344,-69.00672122781712,0.0001,64,32,5000,ula,30
28704,3645408,-67.44138186610766,0.0001,64,32,5000,ula,30
28736,3649472,-68.32680221458173,0.0001,64,32,5000,ula,30
28768,3653536,-68.41222974980525,0.0001,64,32,5000,ula,30
28800,3657600,-70.0169278272072,0.0001,64,32,5000,ula,30
28832,3661664,-67.16314114232924,0.0001,64,32,5000,ula,30
28864,3665728,-66.52916739697366,0.0001,64,32,5000,ula,30
28896,3669792,-71.16496165968994,0.0001,64,32,5000,ula,30
28928,3673856,-66.19589354374983,0.0001,64,32,5000,ula,30
28960,3677920,-69.10632154590374,0.0001,64,32,5000,ula,30
28992,3681984,-67.59081009499579,0.0001,64,32,5000,ula,30
29024,3686048,-71.54858031723944,0.0001,64,32,5000,ula,30
29056,3690112,-66.62022454882914,0.0001,64,32,5000,ula,30
29088,3694176,-67.50382774749201,0.0001,64,32,5000,ula,30
29120,3698240,-63.77901081055485,0.0001,64,32,5000,ula,30
29152,3702304,-63.68126800691206,0.0001,64,32,5000,ula,30
29184,3706368,-69.39135262904433,0.0001,64,32,5000,ula,30
29216,3710432,-61.55099143551021,0.0001,64,32,5000,ula,30
29248,3714496,-67.73932413234067,0.0001,64,32,5000,ula,30
29280,3718560,-69.10618457391608,0.0001,64,32,5000,ula,30
29312,3722624,-67.98597428823177,0.0001,64,32,5000,ula,30
29344,3726688,-65.09879265808885,0.0001,64,32,5000,ula,30
29376,3730752,-63.33000882682168,0.0001,64,32,5000,ula,30
29408,3734816,-72.25697669873632,0.0001,64,32,5000,ula,30
29440,3738880,-65.11876168570342,0.0001,64,32,5000,ula,30
29472,3742944,-65.81163702326961,0.0001,64,32,5000,ula,30
29504,3747008,-65.11788955689035,0.0001,64,32,5000,ula,30
29536,3751072,-67.23408392795041,0.0001,64,32,5000,ula,30
29568,3755136,-68.93211438716335,0.0001,64,32,5000,ula,30
29600,3759200,-63.61444464384619,0.0001,64,32,5000,ula,30
29632,3763264,-63.32824814515332,0.0001,64,32,5000,ula,30
29664,3767328,-64.53187470528039,0.0001,64,32,5000,ula,30
29696,3771392,-71.10015900933494,0.0001,64,32,5000,ula,30
29728,3775456,-68.14542450631373,0.0001,64,32,5000,ula,30
29760,3779520,-67.41029920239143,0.0001,64,32,5000,ula,30
29792,3783584,-61.14709206099621,0.0001,64,32,5000,ula,30
29824,3787648,-70.52968466199789,0.0001,64,32,5000,ula,30
29856,3791712,-68.66583740536608,0.0001,64,32,5000,ula,30
29888,3795776,-74.27804545816761,0.0001,64,32,5000,ula,30
29920,3799840,-67.3812907830329,0.0001,64,32,5000,ula,30
29952,3803904,-71.10444573389947,0.0001,64,32,5000,ula,30
29984,3807968,-65.93659592213365,0.0001,64,32,5000,ula,30
30016,3812032,-68.4041312486922,0.0001,64,32,5000,ula,30
30048,3816096,-71.26235105810574,0.0001,64,32,5000,ula,30
30080,3820160,-65.62971324510278,0.0001,64,32,5000,ula,30
30112,3824224,-69.65772435065726,0.0001,64,32,5000,ula,30
30144,3828288,-69.51402255757326,0.0001,64,32,5000,ula,30
30176,3832352,-67.71252563102549,0.0001,64,32,5000,ula,30
30208,3836416,-68.4949327046052,0.0001,64,32,5000,ula,30
30240,3840480,-59.864485454538155,0.0001,64,32,5000,ula,30
30272,3844544,-69.67702938631288,0.0001,64,32,5000,ula,30
30304,3848608,-66.63978008334142,0.0001,64,32,5000,ula,30
30336,3852672,-62.78232084515354,0.0001,64,32,5000,ula,30
30368,3856736,-72.0247732309969,0.0001,64,32,5000,ula,30
30400,3860800,-67.01049180427178,0.0001,64,32,5000,ula,30
30432,3864864,-58.456052380951824,0.0001,64,32,5000,ula,30
30464,3868928,-58.44142968870567,0.0001,64,32,5000,ula,30
30496,3872992,-67.91356410636159,0.0001,64,32,5000,ula,30
30528,3877056,-64.58510293024615,0.0001,64,32,5000,ula,30
30560,3881120,-65.50599985166187,0.0001,64,32,5000,ula,30
30592,3885184,-63.035182253830925,0.0001,64,32,5000,ula,30
30624,3889248,-68.80129004458038,0.0001,64,32,5000,ula,30
30656,3893312,-73.56726425571782,0.0001,64,32,5000,ula,30
30688,3897376,-68.14002806239267,0.0001,64,32,5000,ula,30
30720,3901440,-72.73387266442217,0.0001,64,32,5000,ula,30
30752,3905504,-69.62998056740257,0.0001,64,32,5000,ula,30
30784,3909568,-64.07333821499122,0.0001,64,32,5000,ula,30
30816,3913632,-67.33127966392692,0.0001,64,32,5000,ula,30
30848,3917696,-69.4956596184366,0.0001,64,32,5000,ula,30
30880,3921760,-68.98940610486528,0.0001,64,32,5000,ula,30
30912,3925824,-71.23662414118199,0.0001,64,32,5000,ula,30
30944,3929888,-69.18902437385132,0.0001,64,32,5000,ula,30
30976,3933952,-68.93278059352276,0.0001,64,32,5000,ula,30
31008,3938016,-68.78509701882693,0.0001,64,32,5000,ula,30
31040,3942080,-72.0649070624237,0.0001,64,32,5000,ula,30
31072,3946144,-66.06866588661208,0.0001,64,32,5000,ula,30
31104,3950208,-70.26420366480123,0.0001,64,32,5000,ula,30
31136,3954272,-69.4433189356449,0.0001,64,32,5000,ula,30
31168,3958336,-63.54076946197295,0.0001,64,32,5000,ula,30
31200,3962400,-66.2816804978974,0.0001,64,32,5000,ula,30
31232,3966464,-67.1597222660056,0.0001,64,32,5000,ula,30
31264,3970528,-59.80609024604493,0.0001,64,32,5000,ula,30
31296,3974592,-59.034627776788206,0.0001,64,32,5000,ula,30
31328,3978656,-69.46397329554328,0.0001,64,32,5000,ula,30
31360,3982720,-71.87724922917684,0.0001,64,32,5000,ula,30
31392,3986784,-68.20334589710231,0.0001,64,32,5000,ula,30
31424,3990848,-72.45590337281936,0.0001,64,32,5000,ula,30
31456,3994912,-68.72694910134621,0.0001,64,32,5000,ula,30
31488,3998976,-68.42573119038255,0.0001,64,32,5000,ula,30
31520,4003040,-66.25779087768527,0.0001,64,32,5000,ula,30
31552,4007104,-68.89298629975981,0.0001,64,32,5000,ula,30
31584,4011168,-66.20157527273622,0.0001,64,32,5000,ula,30
31616,4015232,-63.20362908533665,0.0001,64,32,5000,ula,30
31648,4019296,-65.47006174799702,0.0001,64,32,5000,ula,30
31680,4023360,-67.04243091045737,0.0001,64,32,5000,ula,30
31712,4027424,-67.32499897616982,0.0001,64,32,5000,ula,30
31744,4031488,-62.350254692391076,0.0001,64,32,5000,ula,30
31776,4035552,-65.84479924246875,0.0001,64,32,5000,ula,30
31808,4039616,-65.95756859331162,0.0001,64,32,5000,ula,30
31840,4043680,-67.21767464210338,0.0001,64,32,5000,ula,30
31872,4047744,-69.24223644044157,0.0001,64,32,5000,ula,30
31904,4051808,-71.99660448395453,0.0001,64,32,5000,ula,30
31936,4055872,-67.2682841513505,0.0001,64,32,5000,ula,30
31968,4059936,-64.28837616692626,0.0001,64,32,5000,ula,30
32000,4064000,-64.98286280261009,0.0001,64,32,5000,ula,30
32032,4068064,-62.858709191561026,0.0001,64,32,5000,ula,30
32064,4072128,-66.42341051933911,0.0001,64,32,5000,ula,30
32096,4076192,-66.35217016390106,0.0001,64,32,5000,ula,30
32128,4080256,-68.92159960545516,0.0001,64,32,5000,ula,30
32160,4084320,-63.82652136881591,0.0001,64,32,5000,ula,30
32192,4088384,-70.77114522492167,0.0001,64,32,5000,ula,30
32224,4092448,-68.8020745604844,0.0001,64,32,5000,ula,30
32256,4096512,-70.86457002466817,0.0001,64,32,5000,ula,30
32288,4100576,-54.59938668637678,0.0001,64,32,5000,ula,30
32320,4104640,-68.76039563021341,0.0001,64,32,5000,ula,30
32352,4108704,-71.55476345565931,0.0001,64,32,5000,ula,30
32384,4112768,-64.24560895245335,0.0001,64,32,5000,ula,30
32416,4116832,-70.02435808328384,0.0001,64,32,5000,ula,30
32448,4120896,-68.68919120710824,0.0001,64,32,5000,ula,30
32480,4124960,-66.71508830589909,0.0001,64,32,5000,ula,30
32512,4129024,-70.32156178472057,0.0001,64,32,5000,ula,30
32544,4133088,-58.93285449588367,0.0001,64,32,5000,ula,30
32576,4137152,-65.73393385046998,0.0001,64,32,5000,ula,30
32608,4141216,-68.10333260190087,0.0001,64,32,5000,ula,30
32640,4145280,-63.326822836815055,0.0001,64,32,5000,ula,30
32672,4149344,-70.09539750477225,0.0001,64,32,5000,ula,30
32704,4153408,-69.44976151052485,0.0001,64,32,5000,ula,30
32736,4157472,-67.08184381587637,0.0001,64,32,5000,ula,30
32768,4161536,-66.55396271270243,0.0001,64,32,5000,ula,30
32800,4165600,-68.85745496932189,0.0001,64,32,5000,ula,30
32832,4169664,-67.32804840402522,0.0001,64,32,5000,ula,30
32864,4173728,-68.53298415424875,0.0001,64,32,5000,ula,30
32896,4177792,-70.7858825623317,0.0001,64,32,5000,ula,30
32928,4181856,-62.8629386107317,0.0001,64,32,5000,ula,30
32960,4185920,-67.6515071353257,0.0001,64,32,5000,ula,30
32992,4189984,-67.99472099693337,0.0001,64,32,5000,ula,30
33024,4194048,-69.39250383518669,0.0001,64,32,5000,ula,30
33056,4198112,-67.67098482824296,0.0001,64,32,5000,ula,30
33088,4202176,-64.45699669778384,0.0001,64,32,5000,ula,30
33120,4206240,-65.12434878496737,0.0001,64,32,5000,ula,30
33152,4210304,-63.73344774851921,0.0001,64,32,5000,ula,30
33184,4214368,-64.91763321813742,0.0001,64,32,5000,ula,30
33216,4218432,-69.18453994435357,0.0001,64,32,5000,ula,30
33248,4222496,-62.979804461222656,0.0001,64,32,5000,ula,30
33280,4226560,-70.8321019118243,0.0001,64,32,5000,ula,30
33312,4230624,-70.32374637878033,0.0001,64,32,5000,ula,30
33344,4234688,-63.378076733964164,0.0001,64,32,5000,ula,30
33376,4238752,-61.950646774965804,0.0001,64,32,5000,ula,30
33408,4242816,-69.19086033930579,0.0001,64,32,5000,ula,30
33440,4246880,-58.847977697834686,0.0001,64,32,5000,ula,30
33472,4250944,-65.66230014982808,0.0001,64,32,5000,ula,30
33504,4255008,-62.54503560489212,0.0001,64,32,5000,ula,30
33536,4259072,-68.00506098874258,0.0001,64,32,5000,ula,30
33568,4263136,-70.46201352342841,0.0001,64,32,5000,ula,30
33600,4267200,-71.32128497644601,0.0001,64,32,5000,ula,30
33632,4271264,-68.72347376982034,0.0001,64,32,5000,ula,30
33664,4275328,-69.3327824906471,0.0001,64,32,5000,ula,30
33696,4279392,-65.05653856418823,0.0001,64,32,5000,ula,30
33728,4283456,-67.22377885811757,0.0001,64,32,5000,ula,30
33760,4287520,-62.75333377411053,0.0001,64,32,5000,ula,30
33792,4291584,-62.29931170229298,0.0001,64,32,5000,ula,30
33824,4295648,-62.383624833340384,0.0001,64,32,5000,ula,30
33856,4299712,-67.17493634391823,0.0001,64,32,5000,ula,30
33888,4303776,-67.39985811387048,0.0001,64,32,5000,ula,30
33920,4307840,-70.87305215100439,0.0001,64,32,5000,ula,30
33952,4311904,-64.33989755852886,0.0001,64,32,5000,ula,30
33984,4315968,-64.57386822000025,0.0001,64,32,5000,ula,30
34016,4320032,-68.89087112638425,0.0001,64,32,5000,ula,30
34048,4324096,-73.06945000015546,0.0001,64,32,5000,ula,30
34080,4328160,-70.13944031277249,0.0001,64,32,5000,ula,30
34112,4332224,-68.99512373660977,0.0001,64,32,5000,ula,30
34144,4336288,-61.81567179788693,0.0001,64,32,5000,ula,30
34176,4340352,-63.68946662472688,0.0001,64,32,5000,ula,30
34208,4344416,-65.46064369053205,0.0001,64,32,5000,ula,30
34240,4348480,-62.409451391248176,0.0001,64,32,5000,ula,30
34272,4352544,-64.34311642854657,0.0001,64,32,5000,ula,30
34304,4356608,-67.77227756155021,0.0001,64,32,5000,ula,30
34336,4360672,-67.33789924273879,0.0001,64,32,5000,ula,30
34368,4364736,-69.57844498232959,0.0001,64,32,5000,ula,30
34400,4368800,-66.89774712337706,0.0001,64,32,5000,ula,30
34432,4372864,-68.36979044673497,0.0001,64,32,5000,ula,30
34464,4376928,-62.97265549036374,0.0001,64,32,5000,ula,30
34496,4380992,-64.04570099629912,0.0001,64,32,5000,ula,30
34528,4385056,-66.79071485789619,0.0001,64,32,5000,ula,30
34560,4389120,-68.2656601415677,0.0001,64,32,5000,ula,30
34592,4393184,-62.396502637630974,0.0001,64,32,5000,ula,30
34624,4397248,-69.92345120023207,0.0001,64,32,5000,ula,30
34656,4401312,-57.910834350550864,0.0001,64,32,5000,ula,30
34688,4405376,-67.55121507091664,0.0001,64,32,5000,ula,30
34720,4409440,-66.51343236841325,0.0001,64,32,5000,ula,30
34752,4413504,-68.3568448735078,0.0001,64,32,5000,ula,30
34784,4417568,-70.88375657758283,0.0001,64,32,5000,ula,30
34816,4421632,-71.13073776187638,0.0001,64,32,5000,ula,30
34848,4425696,-70.8729627821171,0.0001,64,32,5000,ula,30
34880,4429760,-62.816445693999505,0.0001,64,32,5000,ula,30
34912,4433824,-70.79330188792366,0.0001,64,32,5000,ula,30
34944,4437888,-67.7799135738795,0.0001,64,32,5000,ula,30
34976,4441952,-70.0973145161015,0.0001,64,32,5000,ula,30
35008,4446016,-71.21081832006556,0.0001,64,32,5000,ula,30
35040,4450080,-64.16464524868063,0.0001,64,32,5000,ula,30
35072,4454144,-67.38579612577931,0.0001,64,32,5000,ula,30
35104,4458208,-66.49372260021845,0.0001,64,32,5000,ula,30
35136,4462272,-70.01270691341871,0.0001,64,32,5000,ula,30
35168,4466336,-63.19354460237092,0.0001,64,32,5000,ula,30
35200,4470400,-66.95034401235678,0.0001,64,32,5000,ula,30
35232,4474464,-67.67723125225224,0.0001,64,32,5000,ula,30
35264,4478528,-69.52495438964048,0.0001,64,32,5000,ula,30
35296,4482592,-56.53980849003362,0.0001,64,32,5000,ula,30
35328,4486656,-66.10122487600226,0.0001,64,32,5000,ula,30
35360,4490720,-68.26422089065909,0.0001,64,32,5000,ula,30
35392,4494784,-68.19659275707647,0.0001,64,32,5000,ula,30
35424,4498848,-65.84487015884955,0.0001,64,32,5000,ula,30
35456,4502912,-70.07600665161677,0.0001,64,32,5000,ula,30
35488,4506976,-70.18280656194383,0.0001,64,32,5000,ula,30
35520,4511040,-68.47872744603472,0.0001,64,32,5000,ula,30
35552,4515104,-55.589066575406086,0.0001,64,32,5000,ula,30
35584,4519168,-69.23886445708587,0.0001,64,32,5000,ula,30
35616,4523232,-70.132927777789,0.0001,64,32,5000,ula,30
35648,4527296,-56.893714137597925,0.0001,64,32,5000,ula,30
35680,4531360,-66.37333963912971,0.0001,64,32,5000,ula,30
35712,4535424,-66.54072310330534,0.0001,64,32,5000,ula,30
35744,4539488,-65.87665715741976,0.0001,64,32,5000,ula,30
35776,4543552,-64.84654940557034,0.0001,64,32,5000,ula,30
35808,4547616,-72.11901455294239,0.0001,64,32,5000,ula,30
35840,4551680,-68.43721098010634,0.0001,64,32,5000,ula,30
35872,4555744,-67.66846913335941,0.0001,64,32,5000,ula,30
35904,4559808,-69.54437510059172,0.0001,64,32,5000,ula,30
35936,4563872,-61.191021668499054,0.0001,64,32,5000,ula,30
35968,4567936,-71.26891145496934,0.0001,64,32,5000,ula,30
36000,4572000,-62.59490151753229,0.0001,64,32,5000,ula,30
36032,4576064,-67.58185183906186,0.0001,64,32,5000,ula,30
36064,4580128,-68.32950825388,0.0001,64,32,5000,ula,30
36096,4584192,-72.80554969486002,0.0001,64,32,5000,ula,30
36128,4588256,-66.70726687337128,0.0001,64,32,5000,ula,30
36160,4592320,-65.1960228778848,0.0001,64,32,5000,ula,30
36192,4596384,-64.83640827719084,0.0001,64,32,5000,ula,30
36224,4600448,-65.56020700278043,0.0001,64,32,5000,ula,30
36256,4604512,-72.46581913236223,0.0001,64,32,5000,ula,30
36288,4608576,-65.4975024424564,0.0001,64,32,5000,ula,30
36320,4612640,-68.5125538047508,0.0001,64,32,5000,ula,30
36352,4616704,-66.976057216976,0.0001,64,32,5000,ula,30
36384,4620768,-72.22729903935658,0.0001,64,32,5000,ula,30
36416,4624832,-70.02132608292634,0.0001,64,32,5000,ula,30
36448,4628896,-70.10074868271546,0.0001,64,32,5000,ula,30
36480,4632960,-64.0025767127425,0.0001,64,32,5000,ula,30
36512,4637024,-63.0982201401714,0.0001,64,32,5000,ula,30
36544,4641088,-62.19820836415788,0.0001,64,32,5000,ula,30
36576,4645152,-67.45431655070902,0.0001,64,32,5000,ula,30
36608,4649216,-67.23670632149455,0.0001,64,32,5000,ula,30
36640,4653280,-65.49346796320664,0.0001,64,32,5000,ula,30
36672,4657344,-68.25934511196516,0.0001,64,32,5000,ula,30
36704,4661408,-69.73320128425323,0.0001,64,32,5000,ula,30
36736,4665472,-69.49526630066268,0.0001,64,32,5000,ula,30
36768,4669536,-68.76803025869134,0.0001,64,32,5000,ula,30
36800,4673600,-70.18923771040502,0.0001,64,32,5000,ula,30
36832,4677664,-59.62984176386465,0.0001,64,32,5000,ula,30
36864,4681728,-60.312280314557384,0.0001,64,32,5000,ula,30
36896,4685792,-71.70807524880827,0.0001,64,32,5000,ula,30
36928,4689856,-66.49451673009337,0.0001,64,32,5000,ula,30
36960,4693920,-69.30055976701591,0.0001,64,32,5000,ula,30
36992,4697984,-66.17644940646362,0.0001,64,32,5000,ula,30
37024,4702048,-69.35136569527532,0.0001,64,32,5000,ula,30
37056,4706112,-47.91682439851423,0.0001,64,32,5000,ula,30
37088,4710176,-68.13992930600837,0.0001,64,32,5000,ula,30
37120,4714240,-67.21821206343824,0.0001,64,32,5000,ula,30
37152,4718304,-65.29145221367204,0.0001,64,32,5000,ula,30
37184,4722368,-71.29897892159877,0.0001,64,32,5000,ula,30
37216,4726432,-66.3138611092523,0.0001,64,32,5000,ula,30
37248,4730496,-67.64393560916571,0.0001,64,32,5000,ula,30
37280,4734560,-70.50606931485584,0.0001,64,32,5000,ula,30
37312,4738624,-71.33239861028548,0.0001,64,32,5000,ula,30
37344,4742688,-72.55755652150135,0.0001,64,32,5000,ula,30
37376,4746752,-72.52816976472043,0.0001,64,32,5000,ula,30
37408,4750816,-65.5186588270967,0.0001,64,32,5000,ula,30
37440,4754880,-61.66993993247451,0.0001,64,32,5000,ula,30
37472,4758944,-66.99570309283237,0.0001,64,32,5000,ula,30
37504,4763008,-70.51305015840524,0.0001,64,32,5000,ula,30
37536,4767072,-69.77998441052097,0.0001,64,32,5000,ula,30
37568,4771136,-70.05767176051997,0.0001,64,32,5000,ula,30
37600,4775200,-65.55338543642506,0.0001,64,32,5000,ula,30
37632,4779264,-70.89153509445437,0.0001,64,32,5000,ula,30
37664,4783328,-65.70884550029155,0.0001,64,32,5000,ula,30
37696,4787392,-66.45345390856231,0.0001,64,32,5000,ula,30
37728,4791456,-65.51948473874582,0.0001,64,32,5000,ula,30
37760,4795520,-68.0342022447119,0.0001,64,32,5000,ula,30
37792,4799584,-67.1980341075293,0.0001,64,32,5000,ula,30
37824,4803648,-57.57369565338427,0.0001,64,32,5000,ula,30
37856,4807712,-72.04745014852811,0.0001,64,32,5000,ula,30
37888,4811776,-70.27596118509507,0.0001,64,32,5000,ula,30
37920,4815840,-63.85652072835424,0.0001,64,32,5000,ula,30
37952,4819904,-68.6583264327855,0.0001,64,32,5000,ula,30
37984,4823968,-66.41039417422651,0.0001,64,32,5000,ula,30
38016,4828032,-54.02073403444215,0.0001,64,32,5000,ula,30
38048,4832096,-70.60175520849434,0.0001,64,32,5000,ula,30
38080,4836160,-66.50024389518447,0.0001,64,32,5000,ula,30
38112,4840224,-70.95760440780772,0.0001,64,32,5000,ula,30
38144,4844288,-64.77567215450222,0.0001,64,32,5000,ula,30
38176,4848352,-67.8427708093882,0.0001,64,32,5000,ula,30
38208,4852416,-70.53706281980253,0.0001,64,32,5000,ula,30
38240,4856480,-68.67908494874003,0.0001,64,32,5000,ula,30
38272,4860544,-70.60044395820455,0.0001,64,32,5000,ula,30
38304,4864608,-69.94039366852138,0.0001,64,32,5000,ula,30
38336,4868672,-69.79455136869171,0.0001,64,32,5000,ula,30
38368,4872736,-67.1656669042854,0.0001,64,32,5000,ula,30
38400,4876800,-66.30058177483416,0.0001,64,32,5000,ula,30
38432,4880864,-66.2242025421932,0.0001,64,32,5000,ula,30
38464,4884928,-65.94957247474903,0.0001,64,32,5000,ula,30
38496,4888992,-69.16017996461025,0.0001,64,32,5000,ula,30
38528,4893056,-59.40561810553062,0.0001,64,32,5000,ula,30
38560,4897120,-69.59883882253787,0.0001,64,32,5000,ula,30
38592,4901184,-65.60606744489957,0.0001,64,32,5000,ula,30
38624,4905248,-63.65777772929967,0.0001,64,32,5000,ula,30
38656,4909312,-70.12254836345795,0.0001,64,32,5000,ula,30
38688,4913376,-71.95181520326025,0.0001,64,32,5000,ula,30
38720,4917440,-62.49754689320867,0.0001,64,32,5000,ula,30
38752,4921504,-63.051868713847576,0.0001,64,32,5000,ula,30
38784,4925568,-67.00520600711002,0.0001,64,32,5000,ula,30
38816,4929632,-72.68133597891992,0.0001,64,32,5000,ula,30
38848,4933696,-71.27842252833146,0.0001,64,32,5000,ula,30
38880,4937760,-68.17221376701076,0.0001,64,32,5000,ula,30
38912,4941824,-71.87378002476314,0.0001,64,32,5000,ula,30
38944,4945888,-67.42528856400345,0.0001,64,32,5000,ula,30
38976,4949952,-67.63039194652899,0.0001,64,32,5000,ula,30
39008,4954016,-67.80648002060408,0.0001,64,32,5000,ula,30
39040,4958080,-68.57777758214107,0.0001,64,32,5000,ula,30
39072,4962144,-62.33732060140746,0.0001,64,32,5000,ula,30
39104,4966208,-72.70778689332296,0.0001,64,32,5000,ula,30
39136,4970272,-63.9173142529765,0.0001,64,32,5000,ula,30
39168,4974336,-64.39813250953497,0.0001,64,32,5000,ula,30
39200,4978400,-59.889109148331684,0.0001,64,32,5000,ula,30
39232,4982464,-59.43084785383033,0.0001,64,32,5000,ula,30
39264,4986528,-68.90937304928696,0.0001,64,32,5000,ula,30
39296,4990592,-69.07413093366003,0.0001,64,32,5000,ula,30
39328,4994656,-66.19756136436446,0.0001,64,32,5000,ula,30
39360,4998720,-65.71030057743528,0.0001,64,32,5000,ula,30
39392,5002784,-70.19086312904592,0.0001,64,32,5000,ula,30
39424,5006848,-70.48776160736287,0.0001,64,32,5000,ula,30
39456,5010912,-70.7655177228615,0.0001,64,32,5000,ula,30
39488,5014976,-69.35010580620671,0.0001,64,32,5000,ula,30
39520,5019040,-67.76648220306335,0.0001,64,32,5000,ula,30
39552,5023104,-70.5092737548318,0.0001,64,32,5000,ula,30
39584,5027168,-69.71691048664525,0.0001,64,32,5000,ula,30
39616,5031232,-68.07070640761128,0.0001,64,32,5000,ula,30
39648,5035296,-67.25782834710681,0.0001,64,32,5000,ula,30
39680,5039360,-66.13354991867713,0.0001,64,32,5000,ula,30
39712,5043424,-71.25378275350286,0.0001,64,32,5000,ula,30
39744,5047488,-70.39357218430294,0.0001,64,32,5000,ula,30
39776,5051552,-64.90797968699476,0.0001,64,32,5000,ula,30
39808,5055616,-63.54499770797898,0.0001,64,32,5000,ula,30
39840,5059680,-68.50748424089028,0.0001,64,32,5000,ula,30
39872,5063744,-66.36588540128844,0.0001,64,32,5000,ula,30
39904,5067808,-73.52936509435997,0.0001,64,32,5000,ula,30
39936,5071872,-70.92836297249502,0.0001,64,32,5000,ula,30
39968,5075936,-62.63295850858536,0.0001,64,32,5000,ula,30
40000,5080000,-66.62357244947235,0.0001,64,32,5000,ula,30
40032,5084064,-67.35396892828153,0.0001,64,32,5000,ula,30
40064,5088128,-71.14878993338583,0.0001,64,32,5000,ula,30
40096,5092192,-66.14438206230416,0.0001,64,32,5000,ula,30
40128,5096256,-64.26566420963773,0.0001,64,32,5000,ula,30
40160,5100320,-66.88231637865678,0.0001,64,32,5000,ula,30
40192,5104384,-65.43021622155459,0.0001,64,32,5000,ula,30
40224,5108448,-68.65762859089664,0.0001,64,32,5000,ula,30
40256,5112512,-64.83950961725851,0.0001,64,32,5000,ula,30
40288,5116576,-67.16258666359873,0.0001,64,32,5000,ula,30
40320,5120640,-68.37045374422954,0.0001,64,32,5000,ula,30
40352,5124704,-63.1111059541213,0.0001,64,32,5000,ula,30
40384,5128768,-69.87189699013689,0.0001,64,32,5000,ula,30
40416,5132832,-61.72904856686152,0.0001,64,32,5000,ula,30
40448,5136896,-67.07296472245955,0.0001,64,32,5000,ula,30
40480,5140960,-65.88129995654941,0.0001,64,32,5000,ula,30
40512,5145024,-70.30835969356211,0.0001,64,32,5000,ula,30
40544,5149088,-67.51474831006664,0.0001,64,32,5000,ula,30
40576,5153152,-71.56179212018488,0.0001,64,32,5000,ula,30
40608,5157216,-62.01783853297547,0.0001,64,32,5000,ula,30
40640,5161280,-69.22579176929597,0.0001,64,32,5000,ula,30
40672,5165344,-62.597761836848214,0.0001,64,32,5000,ula,30
40704,5169408,-68.97395310086554,0.0001,64,32,5000,ula,30
40736,5173472,-63.80464284988185,0.0001,64,32,5000,ula,30
40768,5177536,-69.45984186205776,0.0001,64,32,5000,ula,30
40800,5181600,-68.28179563700641,0.0001,64,32,5000,ula,30
40832,5185664,-66.3163316986615,0.0001,64,32,5000,ula,30
40864,5189728,-72.0537644821762,0.0001,64,32,5000,ula,30
40896,5193792,-69.70260281993711,0.0001,64,32,5000,ula,30
40928,5197856,-61.37540838560107,0.0001,64,32,5000,ula,30
40960,5201920,-69.29038788519587,0.0001,64,32,5000,ula,30
40992,5205984,-66.88794439209484,0.0001,64,32,5000,ula,30
41024,5210048,-69.57585516085891,0.0001,64,32,5000,ula,30
41056,5214112,-70.35146097889475,0.0001,64,32,5000,ula,30
41088,5218176,-69.29168808981105,0.0001,64,32,5000,ula,30
41120,5222240,-69.74866914217468,0.0001,64,32,5000,ula,30
41152,5226304,-71.85782944759113,0.0001,64,32,5000,ula,30
41184,5230368,-65.64463222497619,0.0001,64,32,5000,ula,30
41216,5234432,-64.76037865381828,0.0001,64,32,5000,ula,30
41248,5238496,-63.78626476860121,0.0001,64,32,5000,ula,30
41280,5242560,-67.98854464705362,0.0001,64,32,5000,ula,30
41312,5246624,-52.62925919658856,0.0001,64,32,5000,ula,30
41344,5250688,-67.05544266550551,0.0001,64,32,5000,ula,30
41376,5254752,-72.52532920589002,0.0001,64,32,5000,ula,30
41408,5258816,-67.16542098941669,0.0001,64,32,5000,ula,30
41440,5262880,-65.33714000971958,0.0001,64,32,5000,ula,30
41472,5266944,-61.63864992698546,0.0001,64,32,5000,ula,30
41504,5271008,-66.84044263495652,0.0001,64,32,5000,ula,30
41536,5275072,-53.82597652622591,0.0001,64,32,5000,ula,30
41568,5279136,-46.56742045834439,0.0001,64,32,5000,ula,30
41600,5283200,-70.35926755758061,0.0001,64,32,5000,ula,30
41632,5287264,-65.51913474483737,0.0001,64,32,5000,ula,30
41664,5291328,-68.84527274698944,0.0001,64,32,5000,ula,30
41696,5295392,-68.92126924282863,0.0001,64,32,5000,ula,30
41728,5299456,-66.12657935497052,0.0001,64,32,5000,ula,30
41760,5303520,-68.0071467353447,0.0001,64,32,5000,ula,30
41792,5307584,-70.32291116125307,0.0001,64,32,5000,ula,30
41824,5311648,-67.14104555269182,0.0001,64,32,5000,ula,30
41856,5315712,-64.64205480033161,0.0001,64,32,5000,ula,30
41888,5319776,-71.28449216408671,0.0001,64,32,5000,ula,30
41920,5323840,-68.29083541248413,0.0001,64,32,5000,ula,30
41952,5327904,-63.21793301028453,0.0001,64,32,5000,ula,30
41984,5331968,-65.8419200992743,0.0001,64,32,5000,ula,30
42016,5336032,-66.20709118310607,0.0001,64,32,5000,ula,30
42048,5340096,-64.06859659579514,0.0001,64,32,5000,ula,30
42080,5344160,-65.57199208732902,0.0001,64,32,5000,ula,30
42112,5348224,-66.7327287066189,0.0001,64,32,5000,ula,30
42144,5352288,-68.9271850166729,0.0001,64,32,5000,ula,30
42176,5356352,-69.75727053670913,0.0001,64,32,5000,ula,30
42208,5360416,-61.651617189199996,0.0001,64,32,5000,ula,30
42240,5364480,-56.26389213770114,0.0001,64,32,5000,ula,30
42272,5368544,-67.49020018187525,0.0001,64,32,5000,ula,30
42304,5372608,-67.7150735871804,0.0001,64,32,5000,ula,30
42336,5376672,-65.49302810848718,0.0001,64,32,5000,ula,30
42368,5380736,-58.31188528168247,0.0001,64,32,5000,ula,30
42400,5384800,-69.15591030874664,0.0001,64,32,5000,ula,30
42432,5388864,-71.25497658166374,0.0001,64,32,5000,ula,30
42464,5392928,-68.91808599321989,0.0001,64,32,5000,ula,30
42496,5396992,-70.65326468908673,0.0001,64,32,5000,ula,30
42528,5401056,-63.631305341019576,0.0001,64,32,5000,ula,30
42560,5405120,-63.747004219138816,0.0001,64,32,5000,ula,30
42592,5409184,-68.63123269046271,0.0001,64,32,5000,ula,30
42624,5413248,-61.23493821960594,0.0001,64,32,5000,ula,30
42656,5417312,-66.92668018997173,0.0001,64,32,5000,ula,30
42688,5421376,-66.2645040784593,0.0001,64,32,5000,ula,30
42720,5425440,-68.58203198104198,0.0001,64,32,5000,ula,30
42752,5429504,-67.96254579225403,0.0001,64,32,5000,ula,30
42784,5433568,-64.3847807253286,0.0001,64,32,5000,ula,30
42816,5437632,-69.28091832960303,0.0001,64,32,5000,ula,30
42848,5441696,-62.86449275590042,0.0001,64,32,5000,ula,30
42880,5445760,-67.75373957782254,0.0001,64,32,5000,ula,30
42912,5449824,-67.83679713183692,0.0001,64,32,5000,ula,30
42944,5453888,-65.13430684568054,0.0001,64,32,5000,ula,30
42976,5457952,-65.63495408863973,0.0001,64,32,5000,ula,30
43008,5462016,-65.8651097547982,0.0001,64,32,5000,ula,30
43040,5466080,-62.908100505369404,0.0001,64,32,5000,ula,30
43072,5470144,-70.0868216428033,0.0001,64,32,5000,ula,30
43104,5474208,-66.58036713499328,0.0001,64,32,5000,ula,30
43136,5478272,-69.56528268754593,0.0001,64,32,5000,ula,30
43168,5482336,-68.49868262222151,0.0001,64,32,5000,ula,30
43200,5486400,-71.59610015302214,0.0001,64,32,5000,ula,30
43232,5490464,-65.86329219745566,0.0001,64,32,5000,ula,30
43264,5494528,-67.60667660570783,0.0001,64,32,5000,ula,30
43296,5498592,-57.83943294327442,0.0001,64,32,5000,ula,30
43328,5502656,-67.13243693323207,0.0001,64,32,5000,ula,30
43360,5506720,-65.34080127694344,0.0001,64,32,5000,ula,30
43392,5510784,-54.40426713937605,0.0001,64,32,5000,ula,30
43424,5514848,-66.34802602812199,0.0001,64,32,5000,ula,30
43456,5518912,-64.16439648796633,0.0001,64,32,5000,ula,30
43488,5522976,-67.25804704648462,0.0001,64,32,5000,ula,30
43520,5527040,-64.16033471773727,0.0001,64,32,5000,ula,30
43552,5531104,-66.5515501484334,0.0001,64,32,5000,ula,30
43584,5535168,-65.58606421718653,0.0001,64,32,5000,ula,30
43616,5539232,-56.85749743604003,0.0001,64,32,5000,ula,30
43648,5543296,-72.58694769332493,0.0001,64,32,5000,ula,30
43680,5547360,-65.3071455457639,0.0001,64,32,5000,ula,30
43712,5551424,-67.15089030367993,0.0001,64,32,5000,ula,30
43744,5555488,-67.08183968667838,0.0001,64,32,5000,ula,30
43776,5559552,-63.966571558730216,0.0001,64,32,5000,ula,30
43808,5563616,-65.89178159975452,0.0001,64,32,5000,ula,30
43840,5567680,-67.86737496934155,0.0001,64,32,5000,ula,30
43872,5571744,-65.3977977906657,0.0001,64,32,5000,ula,30
43904,5575808,-64.85542347484288,0.0001,64,32,5000,ula,30
43936,5579872,-64.15029842067058,0.0001,64,32,5000,ula,30
43968,5583936,-65.85346794628548,0.0001,64,32,5000,ula,30
44000,5588000,-67.60857243260529,0.0001,64,32,5000,ula,30
44032,5592064,-68.37833644422663,0.0001,64,32,5000,ula,30
44064,5596128,-66.77555859087052,0.0001,64,32,5000,ula,30
44096,5600192,-66.02177165485075,0.0001,64,32,5000,ula,30
44128,5604256,-67.82811214014686,0.0001,64,32,5000,ula,30
44160,5608320,-70.48294559661342,0.0001,64,32,5000,ula,30
44192,5612384,-69.2537581638615,0.0001,64,32,5000,ula,30
44224,5616448,-69.61332215089594,0.0001,64,32,5000,ula,30
44256,5620512,-60.559440191197886,0.0001,64,32,5000,ula,30
44288,5624576,-63.92585552479373,0.0001,64,32,5000,ula,30
44320,5628640,-68.56108861950514,0.0001,64,32,5000,ula,30
44352,5632704,-69.58052611424534,0.0001,64,32,5000,ula,30
44384,5636768,-66.378281048412,0.0001,64,32,5000,ula,30
44416,5640832,-59.19348162174209,0.0001,64,32,5000,ula,30
44448,5644896,-67.6310138908344,0.0001,64,32,5000,ula,30
44480,5648960,-66.61540258300367,0.0001,64,32,5000,ula,30
44512,5653024,-68.24262616025754,0.0001,64,32,5000,ula,30
44544,5657088,-69.12873218903403,0.0001,64,32,5000,ula,30
44576,5661152,-60.06370209775277,0.0001,64,32,5000,ula,30
44608,5665216,-69.46780437261431,0.0001,64,32,5000,ula,30
44640,5669280,-67.34041840184344,0.0001,64,32,5000,ula,30
44672,5673344,-72.57568104968428,0.0001,64,32,5000,ula,30
44704,5677408,-70.380494712838,0.0001,64,32,5000,ula,30
44736,5681472,-64.97470707441431,0.0001,64,32,5000,ula,30
44768,5685536,-72.16723341761308,0.0001,64,32,5000,ula,30
44800,5689600,-68.91704683158979,0.0001,64,32,5000,ula,30
44832,5693664,-70.56872427680256,0.0001,64,32,5000,ula,30
44864,5697728,-67.20784816549651,0.0001,64,32,5000,ula,30
44896,5701792,-72.57294220689354,0.0001,64,32,5000,ula,30
44928,5705856,-72.07007728319073,0.0001,64,32,5000,ula,30
44960,5709920,-70.9945460637834,0.0001,64,32,5000,ula,30
44992,5713984,-64.18534653994135,0.0001,64,32,5000,ula,30
45024,5718048,-63.60594404194614,0.0001,64,32,5000,ula,30
45056,5722112,-65.04214374746722,0.0001,64,32,5000,ula,30
45088,5726176,-61.81054075079809,0.0001,64,32,5000,ula,30
45120,5730240,-70.07916429764234,0.0001,64,32,5000,ula,30
45152,5734304,-63.59301259260228,0.0001,64,32,5000,ula,30
45184,5738368,-68.99438650955008,0.0001,64,32,5000,ula,30
45216,5742432,-64.56317089142019,0.0001,64,32,5000,ula,30
45248,5746496,-66.559414498122,0.0001,64,32,5000,ula,30
45280,5750560,-62.31341937226019,0.0001,64,32,5000,ula,30
45312,5754624,-64.79728178826332,0.0001,64,32,5000,ula,30
45344,5758688,-67.98358779742327,0.0001,64,32,5000,ula,30
45376,5762752,-67.72505796123275,0.0001,64,32,5000,ula,30
45408,5766816,-68.1216984757553,0.0001,64,32,5000,ula,30
45440,5770880,-60.22256088503026,0.0001,64,32,5000,ula,30
45472,5774944,-68.72723714187873,0.0001,64,32,5000,ula,30
45504,5779008,-61.379600722032855,0.0001,64,32,5000,ula,30
45536,5783072,-62.38774120861389,0.0001,64,32,5000,ula,30
45568,5787136,-70.01000252377212,0.0001,64,32,5000,ula,30
45600,5791200,-66.40726130552486,0.0001,64,32,5000,ula,30
45632,5795264,-62.40231191590124,0.0001,64,32,5000,ula,30
45664,5799328,-67.07195585873274,0.0001,64,32,5000,ula,30
45696,5803392,-68.41685984582755,0.0001,64,32,5000,ula,30
45728,5807456,-70.0270122216865,0.0001,64,32,5000,ula,30
45760,5811520,-68.89968012289822,0.0001,64,32,5000,ula,30
45792,5815584,-70.84911006873001,0.0001,64,32,5000,ula,30
45824,5819648,-66.86214226624293,0.0001,64,32,5000,ula,30
45856,5823712,-65.4319264019771,0.0001,64,32,5000,ula,30
45888,5827776,-64.08864064502588,0.0001,64,32,5000,ula,30
45920,5831840,-65.23934482332338,0.0001,64,32,5000,ula,30
45952,5835904,-55.2721246701243,0.0001,64,32,5000,ula,30
45984,5839968,-63.84965712932646,0.0001,64,32,5000,ula,30
46016,5844032,-66.99750160364147,0.0001,64,32,5000,ula,30
46048,5848096,-71.52722007423037,0.0001,64,32,5000,ula,30
46080,5852160,-67.82608600157546,0.0001,64,32,5000,ula,30
46112,5856224,-65.77763084001612,0.0001,64,32,5000,ula,30
46144,5860288,-65.86966382831639,0.0001,64,32,5000,ula,30
46176,5864352,-67.37282150045962,0.0001,64,32,5000,ula,30
46208,5868416,-68.58564005828565,0.0001,64,32,5000,ula,30
46240,5872480,-64.60128045893806,0.0001,64,32,5000,ula,30
46272,5876544,-64.96648481152445,0.0001,64,32,5000,ula,30
46304,5880608,-64.16111244025747,0.0001,64,32,5000,ula,30
46336,5884672,-71.61178670377203,0.0001,64,32,5000,ula,30
46368,5888736,-68.12786637825857,0.0001,64,32,5000,ula,30
46400,5892800,-68.75419833878,0.0001,64,32,5000,ula,30
46432,5896864,-62.188267571846076,0.0001,64,32,5000,ula,30
46464,5900928,-68.72478046633458,0.0001,64,32,5000,ula,30
46496,5904992,-73.70557542568292,0.0001,64,32,5000,ula,30
46528,5909056,-67.0002310273391,0.0001,64,32,5000,ula,30
46560,5913120,-66.83148752303336,0.0001,64,32,5000,ula,30
46592,5917184,-67.62218785721232,0.0001,64,32,5000,ula,30
46624,5921248,-70.29691317053258,0.0001,64,32,5000,ula,30
46656,5925312,-66.98600350246491,0.0001,64,32,5000,ula,30
46688,5929376,-63.16420280650602,0.0001,64,32,5000,ula,30
46720,5933440,-68.54722530144353,0.0001,64,32,5000,ula,30
46752,5937504,-66.92288865242202,0.0001,64,32,5000,ula,30
46784,5941568,-62.00894292843257,0.0001,64,32,5000,ula,30
46816,5945632,-65.67095355528426,0.0001,64,32,5000,ula,30
46848,5949696,-64.56813056864425,0.0001,64,32,5000,ula,30
46880,5953760,-70.36042926178553,0.0001,64,32,5000,ula,30
46912,5957824,-69.43321913535395,0.0001,64,32,5000,ula,30
46944,5961888,-67.13599668796165,0.0001,64,32,5000,ula,30
46976,5965952,-67.06663413066862,0.0001,64,32,5000,ula,30
47008,5970016,-64.29438965603428,0.0001,64,32,5000,ula,30
47040,5974080,-65.28389552109066,0.0001,64,32,5000,ula,30
47072,5978144,-60.02136092996691,0.0001,64,32,5000,ula,30
47104,5982208,-66.48748538997637,0.0001,64,32,5000,ula,30
47136,5986272,-66.29910675978458,0.0001,64,32,5000,ula,30
47168,5990336,-65.08314596027871,0.0001,64,32,5000,ula,30
47200,5994400,-71.91918664505445,0.0001,64,32,5000,ula,30
47232,5998464,-66.12231647272222,0.0001,64,32,5000,ula,30
47264,6002528,-69.90244143292593,0.0001,64,32,5000,ula,30
47296,6006592,-68.20334403915146,0.0001,64,32,5000,ula,30
47328,6010656,-65.03250960744639,0.0001,64,32,5000,ula,30
47360,6014720,-70.58649946943784,0.0001,64,32,5000,ula,30
47392,6018784,-65.82038688113583,0.0001,64,32,5000,ula,30
47424,6022848,-65.90488246322911,0.0001,64,32,5000,ula,30
47456,6026912,-66.47681966994507,0.0001,64,32,5000,ula,30
47488,6030976,-66.11416200333284,0.0001,64,32,5000,ula,30
47520,6035040,-67.99910796350026,0.0001,64,32,5000,ula,30
47552,6039104,-61.75271965733101,0.0001,64,32,5000,ula,30
47584,6043168,-71.9156046764614,0.0001,64,32,5000,ula,30
47616,6047232,-64.85419184847648,0.0001,64,32,5000,ula,30
47648,6051296,-66.52453774551046,0.0001,64,32,5000,ula,30
47680,6055360,-68.24870975059144,0.0001,64,32,5000,ula,30
47712,6059424,-66.002814227573,0.0001,64,32,5000,ula,30
47744,6063488,-66.38112708683295,0.0001,64,32,5000,ula,30
47776,6067552,-61.89957338618545,0.0001,64,32,5000,ula,30
47808,6071616,-70.79314726386546,0.0001,64,32,5000,ula,30
47840,6075680,-70.1339363659756,0.0001,64,32,5000,ula,30
47872,6079744,-68.41713280081669,0.0001,64,32,5000,ula,30
47904,6083808,-71.30933483360835,0.0001,64,32,5000,ula,30
47936,6087872,-63.079866458008766,0.0001,64,32,5000,ula,30
47968,6091936,-66.29408453919821,0.0001,64,32,5000,ula,30
48000,6096000,-64.43624036267025,0.0001,64,32,5000,ula,30
48032,6100064,-65.01760391634902,0.0001,64,32,5000,ula,30
48064,6104128,-68.13161195907124,0.0001,64,32,5000,ula,30
48096,6108192,-68.98933889231567,0.0001,64,32,5000,ula,30
48128,6112256,-65.30508373502732,0.0001,64,32,5000,ula,30
48160,6116320,-66.12652642303419,0.0001,64,32,5000,ula,30
48192,6120384,-64.99219595942444,0.0001,64,32,5000,ula,30
48224,6124448,-64.30203204044471,0.0001,64,32,5000,ula,30
48256,6128512,-68.46937389860958,0.0001,64,32,5000,ula,30
48288,6132576,-67.13192478955371,0.0001,64,32,5000,ula,30
48320,6136640,-59.34821436290858,0.0001,64,32,5000,ula,30
48352,6140704,-60.99169139612962,0.0001,64,32,5000,ula,30
48384,6144768,-62.17344081167617,0.0001,64,32,5000,ula,30
48416,6148832,-68.79095650570297,0.0001,64,32,5000,ula,30
48448,6152896,-69.24190467712093,0.0001,64,32,5000,ula,30
48480,6156960,-64.49608672537948,0.0001,64,32,5000,ula,30
48512,6161024,-69.61572006689691,0.0001,64,32,5000,ula,30
48544,6165088,-66.05155987834976,0.0001,64,32,5000,ula,30
48576,6169152,-68.36365241934628,0.0001,64,32,5000,ula,30
48608,6173216,-69.8984925664749,0.0001,64,32,5000,ula,30
48640,6177280,-73.49740434956871,0.0001,64,32,5000,ula,30
48672,6181344,-67.72369490233831,0.0001,64,32,5000,ula,30
48704,6185408,-69.52923197097107,0.0001,64,32,5000,ula,30
48736,6189472,-65.79394574176376,0.0001,64,32,5000,ula,30
48768,6193536,-67.1561377305692,0.0001,64,32,5000,ula,30
48800,6197600,-70.37574916398351,0.0001,64,32,5000,ula,30
48832,6201664,-65.39559245255552,0.0001,64,32,5000,ula,30
48864,6205728,-70.23516436632103,0.0001,64,32,5000,ula,30
48896,6209792,-66.05692645769246,0.0001,64,32,5000,ula,30
48928,6213856,-71.66221740274028,0.0001,64,32,5000,ula,30
48960,6217920,-67.06934663568944,0.0001,64,32,5000,ula,30
48992,6221984,-66.82472024090606,0.0001,64,32,5000,ula,30
49024,6226048,-64.89395580027605,0.0001,64,32,5000,ula,30
49056,6230112,-65.07365068281932,0.0001,64,32,5000,ula,30
49088,6234176,-65.63775356720437,0.0001,64,32,5000,ula,30
49120,6238240,-64.46699381869789,0.0001,64,32,5000,ula,30
49152,6242304,-62.82220988896299,0.0001,64,32,5000,ula,30
49184,6246368,-68.60479062526629,0.0001,64,32,5000,ula,30
49216,6250432,-64.57777038561089,0.0001,64,32,5000,ula,30
49248,6254496,-69.7095870968389,0.0001,64,32,5000,ula,30
49280,6258560,-61.37269320573248,0.0001,64,32,5000,ula,30
49312,6262624,-69.03352675929285,0.0001,64,32,5000,ula,30
49344,6266688,-70.76584529632949,0.0001,64,32,5000,ula,30
49376,6270752,-64.38071904777424,0.0001,64,32,5000,ula,30
49408,6274816,-65.97409257596622,0.0001,64,32,5000,ula,30
49440,6278880,-68.498226906956,0.0001,64,32,5000,ula,30
49472,6282944,-67.64714620986382,0.0001,64,32,5000,ula,30
49504,6287008,-67.56430357752726,0.0001,64,32,5000,ula,30
49536,6291072,-67.97107045277261,0.0001,64,32,5000,ula,30
49568,6295136,-66.11115202447752,0.0001,64,32,5000,ula,30
49600,6299200,-59.914392860870606,0.0001,64,32,5000,ula,30
49632,6303264,-56.19551927986407,0.0001,64,32,5000,ula,30
49664,6307328,-65.70625618162723,0.0001,64,32,5000,ula,30
49696,6311392,-63.906739444171336,0.0001,64,32,5000,ula,30
49728,6315456,-65.59298661135085,0.0001,64,32,5000,ula,30
49760,6319520,-65.11197791062877,0.0001,64,32,5000,ula,30
49792,6323584,-63.57636533218816,0.0001,64,32,5000,ula,30
49824,6327648,-69.30642846746578,0.0001,64,32,5000,ula,30
49856,6331712,-61.93837246400368,0.0001,64,32,5000,ula,30
49888,6335776,-70.32040278127401,0.0001,64,32,5000,ula,30
49920,6339840,-67.40529025246845,0.0001,64,32,5000,ula,30
49952,6343904,-61.66171277583093,0.0001,64,32,5000,ula,30
49984,6347968,-65.00905019596577,0.0001,64,32,5000,ula,30
50016,6352032,-63.651105353981904,0.0001,64,32,5000,ula,30
50048,6356096,-71.40746085965351,0.0001,64,32,5000,ula,30
50080,6360160,-58.83245880928216,0.0001,64,32,5000,ula,30
50112,6364224,-61.04201945262753,0.0001,64,32,5000,ula,30
50144,6368288,-66.87805647946429,0.0001,64,32,5000,ula,30
50176,6372352,-66.00028436435983,0.0001,64,32,5000,ula,30
50208,6376416,-69.91150338276236,0.0001,64,32,5000,ula,30
50240,6380480,-69.14708221101618,0.0001,64,32,5000,ula,30
50272,6384544,-65.09123566146833,0.0001,64,32,5000,ula,30
50304,6388608,-65.36641514026081,0.0001,64,32,5000,ula,30
50336,6392672,-65.0411924651239,0.0001,64,32,5000,ula,30
50368,6396736,-67.76633607157368,0.0001,64,32,5000,ula,30
50400,6400800,-56.49378998830286,0.0001,64,32,5000,ula,30
50432,6404864,-69.07384010236166,0.0001,64,32,5000,ula,30
50464,6408928,-66.69039815176257,0.0001,64,32,5000,ula,30
50496,6412992,-66.32110311466127,0.0001,64,32,5000,ula,30
50528,6417056,-73.01645548347902,0.0001,64,32,5000,ula,30
50560,6421120,-68.75162595944938,0.0001,64,32,5000,ula,30
50592,6425184,-61.368581453611334,0.0001,64,32,5000,ula,30
50624,6429248,-68.42453775805004,0.0001,64,32,5000,ula,30
50656,6433312,-65.30738866441538,0.0001,64,32,5000,ula,30
50688,6437376,-68.1277452711653,0.0001,64,32,5000,ula,30
50720,6441440,-61.682724325707845,0.0001,64,32,5000,ula,30
50752,6445504,-65.0734527331329,0.0001,64,32,5000,ula,30
50784,6449568,-66.21363815238752,0.0001,64,32,5000,ula,30
50816,6453632,-67.83660270875649,0.0001,64,32,5000,ula,30
50848,6457696,-67.06487266635342,0.0001,64,32,5000,ula,30
50880,6461760,-66.27946671225482,0.0001,64,32,5000,ula,30
50912,6465824,-66.78297866560574,0.0001,64,32,5000,ula,30
50944,6469888,-63.971564559175214,0.0001,64,32,5000,ula,30
50976,6473952,-67.31607047188344,0.0001,64,32,5000,ula,30
51008,6478016,-64.60603203197056,0.0001,64,32,5000,ula,30
51040,6482080,-67.64988303416139,0.0001,64,32,5000,ula,30
51072,6486144,-69.77919205345422,0.0001,64,32,5000,ula,30
51104,6490208,-69.89826320004748,0.0001,64,32,5000,ula,30
51136,6494272,-67.8624455763665,0.0001,64,32,5000,ula,30
51168,6498336,-69.70749495515413,0.0001,64,32,5000,ula,30
51200,6502400,-57.964726872236476,0.0001,64,32,5000,ula,30
51232,6506464,-63.84113554180856,0.0001,64,32,5000,ula,30
51264,6510528,-66.73136688550647,0.0001,64,32,5000,ula,30
51296,6514592,-61.185348226328756,0.0001,64,32,5000,ula,30
51328,6518656,-68.3147360459561,0.0001,64,32,5000,ula,30
51360,6522720,-66.46150470531286,0.0001,64,32,5000,ula,30
51392,6526784,-64.46429004340274,0.0001,64,32,5000,ula,30
51424,6530848,-64.56372821279123,0.0001,64,32,5000,ula,30
51456,6534912,-70.32075126090227,0.0001,64,32,5000,ula,30
51488,6538976,-68.65008791097843,0.0001,64,32,5000,ula,30
51520,6543040,-65.72122057733517,0.0001,64,32,5000,ula,30
51552,6547104,-62.056979837712184,0.0001,64,32,5000,ula,30
51584,6551168,-61.71769161666187,0.0001,64,32,5000,ula,30
51616,6555232,-67.96445357085105,0.0001,64,32,5000,ula,30
51648,6559296,-68.62140772505315,0.0001,64,32,5000,ula,30
51680,6563360,-71.83379965277689,0.0001,64,32,5000,ula,30
51712,6567424,-70.80852256033988,0.0001,64,32,5000,ula,30
51744,6571488,-61.63923762513868,0.0001,64,32,5000,ula,30
51776,6575552,-69.87513711465107,0.0001,64,32,5000,ula,30
51808,6579616,-58.92773478446848,0.0001,64,32,5000,ula,30
51840,6583680,-68.21429019173482,0.0001,64,32,5000,ula,30
51872,6587744,-68.57612129772737,0.0001,64,32,5000,ula,30
51904,6591808,-67.68460654024447,0.0001,64,32,5000,ula,30
51936,6595872,-70.56419691266989,0.0001,64,32,5000,ula,30
51968,6599936,-69.10239126361874,0.0001,64,32,5000,ula,30
52000,6604000,-69.59130059404285,0.0001,64,32,5000,ula,30
52032,6608064,-67.77526545546625,0.0001,64,32,5000,ula,30
52064,6612128,-64.54581446149898,0.0001,64,32,5000,ula,30
52096,6616192,-67.9531889837776,0.0001,64,32,5000,ula,30
52128,6620256,-69.07458015124365,0.0001,64,32,5000,ula,30
52160,6624320,-64.3540452217575,0.0001,64,32,5000,ula,30
52192,6628384,-67.54181585176693,0.0001,64,32,5000,ula,30
52224,6632448,-67.47887919851861,0.0001,64,32,5000,ula,30
52256,6636512,-65.80743916892344,0.0001,64,32,5000,ula,30
52288,6640576,-64.53467186001976,0.0001,64,32,5000,ula,30
52320,6644640,-64.10438053264117,0.0001,64,32,5000,ula,30
52352,6648704,-68.6040659273051,0.0001,64,32,5000,ula,30
52384,6652768,-66.25310230044775,0.0001,64,32,5000,ula,30
52416,6656832,-67.52624950953829,0.0001,64,32,5000,ula,30
52448,6660896,-64.58025636878992,0.0001,64,32,5000,ula,30
52480,6664960,-68.60641428867045,0.0001,64,32,5000,ula,30
52512,6669024,-68.59997134500038,0.0001,64,32,5000,ula,30
52544,6673088,-70.20025021308602,0.0001,64,32,5000,ula,30
52576,6677152,-63.85417632050473,0.0001,64,32,5000,ula,30
52608,6681216,-66.54280874204538,0.0001,64,32,5000,ula,30
52640,6685280,-68.50193915156434,0.0001,64,32,5000,ula,30
52672,6689344,-67.20995377227345,0.0001,64,32,5000,ula,30
52704,6693408,-65.93049253219961,0.0001,64,32,5000,ula,30
52736,6697472,-64.20909022289516,0.0001,64,32,5000,ula,30
52768,6701536,-69.72696083893783,0.0001,64,32,5000,ula,30
52800,6705600,-66.19505375671976,0.0001,64,32,5000,ula,30
52832,6709664,-59.548559490004955,0.0001,64,32,5000,ula,30
52864,6713728,-68.0802488072589,0.0001,64,32,5000,ula,30
52896,6717792,-68.11201643847664,0.0001,64,32,5000,ula,30
52928,6721856,-68.04671331712035,0.0001,64,32,5000,ula,30
52960,6725920,-57.87713579137104,0.0001,64,32,5000,ula,30
52992,6729984,-67.90919063771705,0.0001,64,32,5000,ula,30
53024,6734048,-65.89847071307604,0.0001,64,32,5000,ula,30
53056,6738112,-68.90284752976315,0.0001,64,32,5000,ula,30
53088,6742176,-64.38327433320823,0.0001,64,32,5000,ula,30
53120,6746240,-66.40775671703678,0.0001,64,32,5000,ula,30
53152,6750304,-69.03564871804267,0.0001,64,32,5000,ula,30
53184,6754368,-67.26733151505248,0.0001,64,32,5000,ula,30
53216,6758432,-63.87282985318392,0.0001,64,32,5000,ula,30
53248,6762496,-68.73003625359783,0.0001,64,32,5000,ula,30
53280,6766560,-67.20990616801707,0.0001,64,32,5000,ula,30
53312,6770624,-67.96861246394222,0.0001,64,32,5000,ula,30
53344,6774688,-66.12395177014706,0.0001,64,32,5000,ula,30
53376,6778752,-58.32050295199929,0.0001,64,32,5000,ula,30
53408,6782816,-69.41703041427533,0.0001,64,32,5000,ula,30
53440,6786880,-71.259299475538,0.0001,64,32,5000,ula,30
53472,6790944,-64.12906701529731,0.0001,64,32,5000,ula,30
53504,6795008,-60.40220088694852,0.0001,64,32,5000,ula,30
53536,6799072,-69.32199500375428,0.0001,64,32,5000,ula,30
53568,6803136,-56.256851178786526,0.0001,64,32,5000,ula,30
53600,6807200,-71.44640974259147,0.0001,64,32,5000,ula,30
53632,6811264,-63.93934950063585,0.0001,64,32,5000,ula,30
53664,6815328,-59.10227631904345,0.0001,64,32,5000,ula,30
53696,6819392,-69.13441408714506,0.0001,64,32,5000,ula,30
53728,6823456,-70.64050444019605,0.0001,64,32,5000,ula,30
53760,6827520,-63.58759292765099,0.0001,64,32,5000,ula,30
53792,6831584,-65.9778278002777,0.0001,64,32,5000,ula,30
53824,6835648,-69.81677581877771,0.0001,64,32,5000,ula,30
53856,6839712,-66.19596234193166,0.0001,64,32,5000,ula,30
53888,6843776,-65.41323227097344,0.0001,64,32,5000,ula,30
53920,6847840,-62.02046362870799,0.0001,64,32,5000,ula,30
53952,6851904,-62.57151207268366,0.0001,64,32,5000,ula,30
53984,6855968,-65.6310601811929,0.0001,64,32,5000,ula,30
54016,6860032,-63.23398570636717,0.0001,64,32,5000,ula,30
54048,6864096,-67.48080827960604,0.0001,64,32,5000,ula,30
54080,6868160,-67.42917020352894,0.0001,64,32,5000,ula,30
54112,6872224,-59.08170740059829,0.0001,64,32,5000,ula,30
54144,6876288,-63.57422919447985,0.0001,64,32,5000,ula,30
54176,6880352,-56.07140006760256,0.0001,64,32,5000,ula,30
54208,6884416,-65.79756503908759,0.0001,64,32,5000,ula,30
54240,6888480,-65.07107617736352,0.0001,64,32,5000,ula,30
54272,6892544,-61.2541560330908,0.0001,64,32,5000,ula,30
54304,6896608,-66.50936721218947,0.0001,64,32,5000,ula,30
54336,6900672,-65.71965414417062,0.0001,64,32,5000,ula,30
54368,6904736,-66.83869284859756,0.0001,64,32,5000,ula,30
54400,6908800,-68.52481785858328,0.0001,64,32,5000,ula,30
54432,6912864,-65.78781479284787,0.0001,64,32,5000,ula,30
54464,6916928,-53.364677915979236,0.0001,64,32,5000,ula,30
54496,6920992,-69.71400765221597,0.0001,64,32,5000,ula,30
54528,6925056,-70.25108065329304,0.0001,64,32,5000,ula,30
54560,6929120,-57.89550441821476,0.0001,64,32,5000,ula,30
54592,6933184,-68.61242599695991,0.0001,64,32,5000,ula,30
54624,6937248,-69.52201213188482,0.0001,64,32,5000,ula,30
54656,6941312,-68.75315813752646,0.0001,64,32,5000,ula,30
54688,6945376,-60.85349983181198,0.0001,64,32,5000,ula,30
54720,6949440,-62.39107148284928,0.0001,64,32,5000,ula,30
54752,6953504,-68.96368079040298,0.0001,64,32,5000,ula,30
54784,6957568,-65.91970555055353,0.0001,64,32,5000,ula,30
54816,6961632,-67.73106043952492,0.0001,64,32,5000,ula,30
54848,6965696,-68.07643812491793,0.0001,64,32,5000,ula,30
54880,6969760,-63.724796221149916,0.0001,64,32,5000,ula,30
54912,6973824,-67.77930922706739,0.0001,64,32,5000,ula,30
54944,6977888,-62.41165701302971,0.0001,64,32,5000,ula,30
54976,6981952,-67.83816985130913,0.0001,64,32,5000,ula,30
55008,6986016,-68.0167665318118,0.0001,64,32,5000,ula,30
55040,6990080,-66.15628910868917,0.0001,64,32,5000,ula,30
55072,6994144,-57.00428288915092,0.0001,64,32,5000,ula,30
55104,6998208,-61.3343900777259,0.0001,64,32,5000,ula,30
55136,7002272,-65.37907105806522,0.0001,64,32,5000,ula,30
55168,7006336,-62.12367488021176,0.0001,64,32,5000,ula,30
55200,7010400,-65.82498013718248,0.0001,64,32,5000,ula,30
55232,7014464,-65.71550802034774,0.0001,64,32,5000,ula,30
55264,7018528,-66.87913884206539,0.0001,64,32,5000,ula,30
55296,7022592,-52.558049638621696,0.0001,64,32,5000,ula,30
55328,7026656,-65.24444722267465,0.0001,64,32,5000,ula,30
55360,7030720,-64.61466866702482,0.0001,64,32,5000,ula,30
55392,7034784,-68.68596632257879,0.0001,64,32,5000,ula,30
55424,7038848,-66.24212217312459,0.0001,64,32,5000,ula,30
55456,7042912,-64.7405097081084,0.0001,64,32,5000,ula,30
55488,7046976,-70.37643100049831,0.0001,64,32,5000,ula,30
55520,7051040,-63.42483346462468,0.0001,64,32,5000,ula,30
55552,7055104,-66.15645159893485,0.0001,64,32,5000,ula,30
55584,7059168,-59.853814847455844,0.0001,64,32,5000,ula,30
55616,7063232,-65.32082322577149,0.0001,64,32,5000,ula,30
55648,7067296,-52.387345093157485,0.0001,64,32,5000,ula,30
55680,7071360,-66.00898337343018,0.0001,64,32,5000,ula,30
55712,7075424,-62.00276751761439,0.0001,64,32,5000,ula,30
55744,7079488,-66.680983574427,0.0001,64,32,5000,ula,30
55776,7083552,-68.345546078647,0.0001,64,32,5000,ula,30
55808,7087616,-69.35569623499154,0.0001,64,32,5000,ula,30
55840,7091680,-66.74387833008977,0.0001,64,32,5000,ula,30
55872,7095744,-67.74408468283008,0.0001,64,32,5000,ula,30
55904,7099808,-65.3580638486622,0.0001,64,32,5000,ula,30
55936,7103872,-67.60241649035783,0.0001,64,32,5000,ula,30
55968,7107936,-65.45620591501564,0.0001,64,32,5000,ula,30
56000,7112000,-66.33363839474002,0.0001,64,32,5000,ula,30
56032,7116064,-55.027248577766805,0.0001,64,32,5000,ula,30
56064,7120128,-67.31141271826031,0.0001,64,32,5000,ula,30
56096,7124192,-62.13578280059123,0.0001,64,32,5000,ula,30
56128,7128256,-65.19615807547481,0.0001,64,32,5000,ula,30
56160,7132320,-68.19544859044888,0.0001,64,32,5000,ula,30
56192,7136384,-67.94988125190223,0.0001,64,32,5000,ula,30
56224,7140448,-68.44501180769046,0.0001,64,32,5000,ula,30
56256,7144512,-64.46774616613469,0.0001,64,32,5000,ula,30
56288,7148576,-63.68560251796643,0.0001,64,32,5000,ula,30
56320,7152640,-61.66975154792983,0.0001,64,32,5000,ula,30
56352,7156704,-67.32970800526077,0.0001,64,32,5000,ula,30
56384,7160768,-66.8794529813533,0.0001,64,32,5000,ula,30
56416,7164832,-57.80975617652694,0.0001,64,32,5000,ula,30
56448,7168896,-66.4168790986569,0.0001,64,32,5000,ula,30
56480,7172960,-67.74596646190939,0.0001,64,32,5000,ula,30
56512,7177024,-62.26024961524276,0.0001,64,32,5000,ula,30
56544,7181088,-60.8475106066519,0.0001,64,32,5000,ula,30
56576,7185152,-65.17230403480474,0.0001,64,32,5000,ula,30
56608,7189216,-65.88554357043539,0.0001,64,32,5000,ula,30
56640,7193280,-69.35570024821381,0.0001,64,32,5000,ula,30
56672,7197344,-68.27149483873089,0.0001,64,32,5000,ula,30
56704,7201408,-67.2823921773685,0.0001,64,32,5000,ula,30
56736,7205472,-64.87742744772653,0.0001,64,32,5000,ula,30
56768,7209536,-63.085571073250556,0.0001,64,32,5000,ula,30
56800,7213600,-69.1754228831619,0.0001,64,32,5000,ula,30
56832,7217664,-66.3330919910202,0.0001,64,32,5000,ula,30
56864,7221728,-70.10006915982432,0.0001,64,32,5000,ula,30
56896,7225792,-61.24967598313073,0.0001,64,32,5000,ula,30
56928,7229856,-65.76365027951827,0.0001,64,32,5000,ula,30
56960,7233920,-67.97238053888695,0.0001,64,32,5000,ula,30
56992,7237984,-64.56768252742863,0.0001,64,32,5000,ula,30
57024,7242048,-67.01971565613407,0.0001,64,32,5000,ula,30
57056,7246112,-66.30850902707084,0.0001,64,32,5000,ula,30
57088,7250176,-68.41608844176491,0.0001,64,32,5000,ula,30
57120,7254240,-64.49072670401742,0.0001,64,32,5000,ula,30
57152,7258304,-65.59471378981115,0.0001,64,32,5000,ula,30
57184,7262368,-63.952512786220915,0.0001,64,32,5000,ula,30
57216,7266432,-67.32724691240347,0.0001,64,32,5000,ula,30
57248,7270496,-62.76979049765056,0.0001,64,32,5000,ula,30
57280,7274560,-62.210465508441104,0.0001,64,32,5000,ula,30
57312,7278624,-65.53206973862471,0.0001,64,32,5000,ula,30
57344,7282688,-66.45930378098566,0.0001,64,32,5000,ula,30
57376,7286752,-64.40731567087403,0.0001,64,32,5000,ula,30
57408,7290816,-57.29861674801569,0.0001,64,32,5000,ula,30
57440,7294880,-61.71234968749785,0.0001,64,32,5000,ula,30
57472,7298944,-66.5369396400323,0.0001,64,32,5000,ula,30
57504,7303008,-58.711235350725595,0.0001,64,32,5000,ula,30
57536,7307072,-66.67244506224361,0.0001,64,32,5000,ula,30
57568,7311136,-67.19039902731677,0.0001,64,32,5000,ula,30
57600,7315200,-61.667923120788856,0.0001,64,32,5000,ula,30
57632,7319264,-66.78901143165716,0.0001,64,32,5000,ula,30
57664,7323328,-68.73815344197111,0.0001,64,32,5000,ula,30
57696,7327392,-66.39570534483192,0.0001,64,32,5000,ula,30
57728,7331456,-65.25750473561435,0.0001,64,32,5000,ula,30
57760,7335520,-65.35371085090762,0.0001,64,32,5000,ula,30
57792,7339584,-67.22347132255177,0.0001,64,32,5000,ula,30
57824,7343648,-65.7630222165443,0.0001,64,32,5000,ula,30
57856,7347712,-61.64334819545715,0.0001,64,32,5000,ula,30
57888,7351776,-68.55776211530116,0.0001,64,32,5000,ula,30
57920,7355840,-62.443259464319226,0.0001,64,32,5000,ula,30
57952,7359904,-66.46929198240765,0.0001,64,32,5000,ula,30
57984,7363968,-64.50469520367302,0.0001,64,32,5000,ula,30
58016,7368032,-67.77107381335281,0.0001,64,32,5000,ula,30
58048,7372096,-67.62854775736741,0.0001,64,32,5000,ula,30
58080,7376160,-67.86034678850379,0.0001,64,32,5000,ula,30
58112,7380224,-71.26012083891223,0.0001,64,32,5000,ula,30
58144,7384288,-60.784995539665864,0.0001,64,32,5000,ula,30
58176,7388352,-65.38928655870203,0.0001,64,32,5000,ula,30
58208,7392416,-67.78971740557928,0.0001,64,32,5000,ula,30
58240,7396480,-65.29424426308292,0.0001,64,32,5000,ula,30
58272,7400544,-70.27836784432445,0.0001,64,32,5000,ula,30
58304,7404608,-67.56916947252208,0.0001,64,32,5000,ula,30
58336,7408672,-68.00545713543377,0.0001,64,32,5000,ula,30
58368,7412736,-64.8867645692307,0.0001,64,32,5000,ula,30
58400,7416800,-57.62703665268382,0.0001,64,32,5000,ula,30
58432,7420864,-67.58770894449431,0.0001,64,32,5000,ula,30
58464,7424928,-68.5005095401842,0.0001,64,32,5000,ula,30
58496,7428992,-68.63367025526647,0.0001,64,32,5000,ula,30
58528,7433056,-67.348437268126,0.0001,64,32,5000,ula,30
58560,7437120,-65.61427418797908,0.0001,64,32,5000,ula,30
58592,7441184,-63.08094844086143,0.0001,64,32,5000,ula,30
58624,7445248,-63.65357062778451,0.0001,64,32,5000,ula,30
58656,7449312,-64.61064092736727,0.0001,64,32,5000,ula,30
58688,7453376,-63.401377832904345,0.0001,64,32,5000,ula,30
58720,7457440,-69.73868114973266,0.0001,64,32,5000,ula,30
58752,7461504,-57.111717562421845,0.0001,64,32,5000,ula,30
58784,7465568,-64.18507798232193,0.0001,64,32,5000,ula,30
58816,7469632,-67.90500539339352,0.0001,64,32,5000,ula,30
58848,7473696,-62.95581694388956,0.0001,64,32,5000,ula,30
58880,7477760,-63.22760849876599,0.0001,64,32,5000,ula,30
58912,7481824,-64.2139322330466,0.0001,64,32,5000,ula,30
58944,7485888,-68.22723201415454,0.0001,64,32,5000,ula,30
58976,7489952,-64.30794770653101,0.0001,64,32,5000,ula,30
59008,7494016,-65.5365876406587,0.0001,64,32,5000,ula,30
59040,7498080,-62.108229436353334,0.0001,64,32,5000,ula,30
59072,7502144,-65.17178407401775,0.0001,64,32,5000,ula,30
59104,7506208,-61.499952777145815,0.0001,64,32,5000,ula,30
59136,7510272,-64.54599126613579,0.0001,64,32,5000,ula,30
59168,7514336,-62.82626386556221,0.0001,64,32,5000,ula,30
59200,7518400,-68.21283471843701,0.0001,64,32,5000,ula,30
59232,7522464,-62.681129015070496,0.0001,64,32,5000,ula,30
59264,7526528,-64.45584976665604,0.0001,64,32,5000,ula,30
59296,7530592,-68.78768340029863,0.0001,64,32,5000,ula,30
59328,7534656,-58.33772601855838,0.0001,64,32,5000,ula,30
59360,7538720,-60.54155600430201,0.0001,64,32,5000,ula,30
59392,7542784,-70.89063834288824,0.0001,64,32,5000,ula,30
59424,7546848,-69.13889355617144,0.0001,64,32,5000,ula,30
59456,7550912,-61.864331254326785,0.0001,64,32,5000,ula,30
59488,7554976,-66.91632924629239,0.0001,64,32,5000,ula,30
59520,7559040,-62.976071796529844,0.0001,64,32,5000,ula,30
59552,7563104,-66.27489505824072,0.0001,64,32,5000,ula,30
59584,7567168,-66.15857061681571,0.0001,64,32,5000,ula,30
59616,7571232,-66.54460818372532,0.0001,64,32,5000,ula,30
59648,7575296,-68.47434042466554,0.0001,64,32,5000,ula,30
59680,7579360,-61.20801605988246,0.0001,64,32,5000,ula,30
59712,7583424,-60.15922667135239,0.0001,64,32,5000,ula,30
59744,7587488,-67.35960067831928,0.0001,64,32,5000,ula,30
59776,7591552,-62.75194606198285,0.0001,64,32,5000,ula,30
59808,7595616,-64.56445375903674,0.0001,64,32,5000,ula,30
59840,7599680,-65.3073945852118,0.0001,64,32,5000,ula,30
59872,7603744,-66.06416157550625,0.0001,64,32,5000,ula,30
59904,7607808,-66.83467362921903,0.0001,64,32,5000,ula,30
59936,7611872,-65.99823159742513,0.0001,64,32,5000,ula,30
59968,7615936,-61.39411291891252,0.0001,64,32,5000,ula,30
60000,7620000,-64.79679416794123,0.0001,64,32,5000,ula,30
60032,7624064,-63.40749878114206,0.0001,64,32,5000,ula,30
60064,7628128,-66.71812138543083,0.0001,64,32,5000,ula,30
60096,7632192,-65.09686741138525,0.0001,64,32,5000,ula,30
60128,7636256,-64.65842171094222,0.0001,64,32,5000,ula,30
60160,7640320,-68.06031240505578,0.0001,64,32,5000,ula,30
60192,7644384,-63.13589073997492,0.0001,64,32,5000,ula,30
60224,7648448,-66.69208797137695,0.0001,64,32,5000,ula,30
60256,7652512,-66.31912317367248,0.0001,64,32,5000,ula,30
60288,7656576,-60.23908976990091,0.0001,64,32,5000,ula,30
60320,7660640,-67.3542665087196,0.0001,64,32,5000,ula,30
60352,7664704,-64.31164955209108,0.0001,64,32,5000,ula,30
60384,7668768,-70.8241980087119,0.0001,64,32,5000,ula,30
60416,7672832,-67.08409235567068,0.0001,64,32,5000,ula,30
60448,7676896,-67.09322093218111,0.0001,64,32,5000,ula,30
60480,7680960,-63.39112169423857,0.0001,64,32,5000,ula,30
60512,7685024,-67.32222759271994,0.0001,64,32,5000,ula,30
60544,7689088,-71.1622490519425,0.0001,64,32,5000,ula,30
60576,7693152,-50.97177869309123,0.0001,64,32,5000,ula,30
60608,7697216,-62.87241991154323,0.0001,64,32,5000,ula,30
60640,7701280,-62.83282554020737,0.0001,64,32,5000,ula,30
60672,7705344,-62.72663977399969,0.0001,64,32,5000,ula,30
60704,7709408,-69.29372933183528,0.0001,64,32,5000,ula,30
60736,7713472,-56.77791606196317,0.0001,64,32,5000,ula,30
60768,7717536,-70.70909968760459,0.0001,64,32,5000,ula,30
60800,7721600,-66.17043339350906,0.0001,64,32,5000,ula,30
60832,7725664,-71.63285076292259,0.0001,64,32,5000,ula,30
60864,7729728,-65.60265574887967,0.0001,64,32,5000,ula,30
60896,7733792,-67.46520076402531,0.0001,64,32,5000,ula,30
60928,7737856,-68.58897124063893,0.0001,64,32,5000,ula,30
60960,7741920,-68.42102599331348,0.0001,64,32,5000,ula,30
60992,7745984,-66.22505081167887,0.0001,64,32,5000,ula,30
61024,7750048,-62.043040895937835,0.0001,64,32,5000,ula,30
61056,7754112,-66.28991841540477,0.0001,64,32,5000,ula,30
61088,7758176,-65.04354623835778,0.0001,64,32,5000,ula,30
61120,7762240,-70.24580316543359,0.0001,64,32,5000,ula,30
61152,7766304,-67.5932778782106,0.0001,64,32,5000,ula,30
61184,7770368,-63.88157926097098,0.0001,64,32,5000,ula,30
61216,7774432,-65.1814664837241,0.0001,64,32,5000,ula,30
61248,7778496,-55.55538451371901,0.0001,64,32,5000,ula,30
61280,7782560,-67.86241595575467,0.0001,64,32,5000,ula,30
61312,7786624,-66.83354412988834,0.0001,64,32,5000,ula,30
61344,7790688,-64.66999605310568,0.0001,64,32,5000,ula,30
61376,7794752,-59.57759176416576,0.0001,64,32,5000,ula,30
61408,7798816,-67.56535372058877,0.0001,64,32,5000,ula,30
61440,7802880,-69.79758695590144,0.0001,64,32,5000,ula,30
61472,7806944,-63.38678552634977,0.0001,64,32,5000,ula,30
61504,7811008,-62.30029736424368,0.0001,64,32,5000,ula,30
61536,7815072,-67.85827742255421,0.0001,64,32,5000,ula,30
61568,7819136,-62.42168255723338,0.0001,64,32,5000,ula,30
61600,7823200,-57.73203338922772,0.0001,64,32,5000,ula,30
61632,7827264,-67.18465671470324,0.0001,64,32,5000,ula,30
61664,7831328,-57.562762134425725,0.0001,64,32,5000,ula,30
61696,7835392,-66.4879776713571,0.0001,64,32,5000,ula,30
61728,7839456,-67.89581547242186,0.0001,64,32,5000,ula,30
61760,7843520,-67.89702189010218,0.0001,64,32,5000,ula,30
61792,7847584,-64.2586482850719,0.0001,64,32,5000,ula,30
61824,7851648,-63.665407938998364,0.0001,64,32,5000,ula,30
61856,7855712,-65.98897687662945,0.0001,64,32,5000,ula,30
61888,7859776,-68.80178505225288,0.0001,64,32,5000,ula,30
61920,7863840,-63.48787599933864,0.0001,64,32,5000,ula,30
61952,7867904,-67.04016119078541,0.0001,64,32,5000,ula,30
61984,7871968,-65.44288735641989,0.0001,64,32,5000,ula,30
62016,7876032,-66.7099291708237,0.0001,64,32,5000,ula,30
62048,7880096,-64.6605012164158,0.0001,64,32,5000,ula,30
62080,7884160,-63.046571856219025,0.0001,64,32,5000,ula,30
62112,7888224,-63.06335093711441,0.0001,64,32,5000,ula,30
62144,7892288,-65.7665684546959,0.0001,64,32,5000,ula,30
62176,7896352,-68.91875551677222,0.0001,64,32,5000,ula,30
62208,7900416,-66.622328797023,0.0001,64,32,5000,ula,30
62240,7904480,-64.46249829455462,0.0001,64,32,5000,ula,30
62272,7908544,-65.58313184260324,0.0001,64,32,5000,ula,30
62304,7912608,-61.544679677629404,0.0001,64,32,5000,ula,30
62336,7916672,-68.48542225434235,0.0001,64,32,5000,ula,30
62368,7920736,-67.42087440559023,0.0001,64,32,5000,ula,30
62400,7924800,-70.63183709017903,0.0001,64,32,5000,ula,30
62432,7928864,-66.55746058737043,0.0001,64,32,5000,ula,30
62464,7932928,-68.46673293718068,0.0001,64,32,5000,ula,30
62496,7936992,-66.74158838806294,0.0001,64,32,5000,ula,30
62528,7941056,-67.0319060239565,0.0001,64,32,5000,ula,30
62560,7945120,-67.06350735481242,0.0001,64,32,5000,ula,30
62592,7949184,-67.3132848205148,0.0001,64,32,5000,ula,30
62624,7953248,-48.98302881362146,0.0001,64,32,5000,ula,30
62656,7957312,-64.58306254362182,0.0001,64,32,5000,ula,30
62688,7961376,-63.221708407723376,0.0001,64,32,5000,ula,30
62720,7965440,-67.28363342045832,0.0001,64,32,5000,ula,30
62752,7969504,-66.99337673753952,0.0001,64,32,5000,ula,30
62784,7973568,-66.21734600307518,0.0001,64,32,5000,ula,30
62816,7977632,-67.93677277552499,0.0001,64,32,5000,ula,30
62848,7981696,-64.55662553209842,0.0001,64,32,5000,ula,30
62880,7985760,-68.36742985524579,0.0001,64,32,5000,ula,30
62912,7989824,-62.87549495332931,0.0001,64,32,5000,ula,30
62944,7993888,-66.48810967603133,0.0001,64,32,5000,ula,30
62976,7997952,-66.3475516365483,0.0001,64,32,5000,ula,30
63008,8002016,-61.43704568315361,0.0001,64,32,5000,ula,30
63040,8006080,-67.84410021364246,0.0001,64,32,5000,ula,30
63072,8010144,-63.46940252279279,0.0001,64,32,5000,ula,30
63104,8014208,-66.67691995523514,0.0001,64,32,5000,ula,30
63136,8018272,-63.67350961921865,0.0001,64,32,5000,ula,30
63168,8022336,-68.27940181646784,0.0001,64,32,5000,ula,30
63200,8026400,-52.85434014192961,0.0001,64,32,5000,ula,30
63232,8030464,-61.0058670073431,0.0001,64,32,5000,ula,30
63264,8034528,-70.76395670210547,0.0001,64,32,5000,ula,30
63296,8038592,-64.05884545320362,0.0001,64,32,5000,ula,30
63328,8042656,-65.2520933801788,0.0001,64,32,5000,ula,30
63360,8046720,-66.75032558868102,0.0001,64,32,5000,ula,30
63392,8050784,-65.21569555438553,0.0001,64,32,5000,ula,30
63424,8054848,-65.28663815429239,0.0001,64,32,5000,ula,30
63456,8058912,-71.24761645326872,0.0001,64,32,5000,ula,30
63488,8062976,-65.00817049028447,0.0001,64,32,5000,ula,30
63520,8067040,-71.50208560005444,0.0001,64,32,5000,ula,30
63552,8071104,-56.601458467942614,0.0001,64,32,5000,ula,30
63584,8075168,-63.11458722832967,0.0001,64,32,5000,ula,30
63616,8079232,-62.86244501270324,0.0001,64,32,5000,ula,30
63648,8083296,-62.14010584282967,0.0001,64,32,5000,ula,30
63680,8087360,-66.35378710553863,0.0001,64,32,5000,ula,30
63712,8091424,-68.49077332813516,0.0001,64,32,5000,ula,30
63744,8095488,-63.564663202386406,0.0001,64,32,5000,ula,30
63776,8099552,-65.53598571498817,0.0001,64,32,5000,ula,30
63808,8103616,-59.44052081419585,0.0001,64,32,5000,ula,30
63840,8107680,-66.1710146352146,0.0001,64,32,5000,ula,30
63872,8111744,-61.20605803826303,0.0001,64,32,5000,ula,30
63904,8115808,-58.013212971249274,0.0001,64,32,5000,ula,30
63936,8119872,-65.82974036777743,0.0001,64,32,5000,ula,30
63968,8123936,-66.77759136391182,0.0001,64,32,5000,ula,30
64000,8128000,-67.63336064956928,0.0001,64,32,5000,ula,30
64032,8132064,-63.97562898596798,0.0001,64,32,5000,ula,30
64064,8136128,-67.37051701930409,0.0001,64,32,5000,ula,30
64096,8140192,-60.28635334988157,0.0001,64,32,5000,ula,30
64128,8144256,-65.1019237185479,0.0001,64,32,5000,ula,30
64160,8148320,-67.70064063754603,0.0001,64,32,5000,ula,30
64192,8152384,-63.7550003322953,0.0001,64,32,5000,ula,30
64224,8156448,-63.87731533197009,0.0001,64,32,5000,ula,30
64256,8160512,-66.61490158378398,0.0001,64,32,5000,ula,30
64288,8164576,-60.56140795799812,0.0001,64,32,5000,ula,30
64320,8168640,-64.32357556206563,0.0001,64,32,5000,ula,30
64352,8172704,-64.46741112424311,0.0001,64,32,5000,ula,30
64384,8176768,-67.22479074781755,0.0001,64,32,5000,ula,30
64416,8180832,-63.682429106923934,0.0001,64,32,5000,ula,30
64448,8184896,-67.62533434488356,0.0001,64,32,5000,ula,30
64480,8188960,-62.51818881873652,0.0001,64,32,5000,ula,30
64512,8193024,-54.715671005158065,0.0001,64,32,5000,ula,30
64544,8197088,-64.51541825882035,0.0001,64,32,5000,ula,30
64576,8201152,-55.35480068996599,0.0001,64,32,5000,ula,30
64608,8205216,-68.70388433925271,0.0001,64,32,5000,ula,30
64640,8209280,-64.21687931015703,0.0001,64,32,5000,ula,30
64672,8213344,-61.46398207182459,0.0001,64,32,5000,ula,30
64704,8217408,-62.33393159556126,0.0001,64,32,5000,ula,30
64736,8221472,-70.95753811339078,0.0001,64,32,5000,ula,30
64768,8225536,-67.34676864882378,0.0001,64,32,5000,ula,30
64800,8229600,-61.6372514855054,0.0001,64,32,5000,ula,30
64832,8233664,-67.68928998413726,0.0001,64,32,5000,ula,30
64864,8237728,-70.06302514230133,0.0001,64,32,5000,ula,30
64896,8241792,-68.01016883011006,0.0001,64,32,5000,ula,30
64928,8245856,-66.82161707925493,0.0001,64,32,5000,ula,30
64960,8249920,-66.69281338200827,0.0001,64,32,5000,ula,30
64992,8253984,-66.5958362985391,0.0001,64,32,5000,ula,30
65024,8258048,-66.07544697393578,0.0001,64,32,5000,ula,30
65056,8262112,-65.30266715102864,0.0001,64,32,5000,ula,30
65088,8266176,-62.26065160673541,0.0001,64,32,5000,ula,30
65120,8270240,-64.87037027523971,0.0001,64,32,5000,ula,30
65152,8274304,-65.32718748852133,0.0001,64,32,5000,ula,30
65184,8278368,-66.53871443520553,0.0001,64,32,5000,ula,30
65216,8282432,-69.03011801312456,0.0001,64,32,5000,ula,30
65248,8286496,-69.54017580336813,0.0001,64,32,5000,ula,30
65280,8290560,-65.92458749841416,0.0001,64,32,5000,ula,30
65312,8294624,-61.90297928368224,0.0001,64,32,5000,ula,30
65344,8298688,-64.63693102696412,0.0001,64,32,5000,ula,30
65376,8302752,-59.58397710958715,0.0001,64,32,5000,ula,30
65408,8306816,-66.8420127159614,0.0001,64,32,5000,ula,30
65440,8310880,-64.34545084411636,0.0001,64,32,5000,ula,30
65472,8314944,-62.157146647306476,0.0001,64,32,5000,ula,30
65504,8319008,-65.63995639356634,0.0001,64,32,5000,ula,30
65536,8323072,-63.2500952731155,0.0001,64,32,5000,ula,30
65568,8327136,-67.56753295212805,0.0001,64,32,5000,ula,30
65600,8331200,-60.74481326355193,0.0001,64,32,5000,ula,30
65632,8335264,-70.0770727522996,0.0001,64,32,5000,ula,30
65664,8339328,-68.15561611825036,0.0001,64,32,5000,ula,30
65696,8343392,-66.98864424480647,0.0001,64,32,5000,ula,30
65728,8347456,-65.74317599298628,0.0001,64,32,5000,ula,30
65760,8351520,-65.2003907743319,0.0001,64,32,5000,ula,30
65792,8355584,-66.01718920324356,0.0001,64,32,5000,ula,30
65824,8359648,-62.986559541770625,0.0001,64,32,5000,ula,30
65856,8363712,-66.02965234633669,0.0001,64,32,5000,ula,30
65888,8367776,-68.96248822478668,0.0001,64,32,5000,ula,30
65920,8371840,-62.05009906091112,0.0001,64,32,5000,ula,30
65952,8375904,-68.20087435719736,0.0001,64,32,5000,ula,30
65984,8379968,-62.77103384417985,0.0001,64,32,5000,ula,30
66016,8384032,-66.08384264498488,0.0001,64,32,5000,ula,30
66048,8388096,-51.68845856495003,0.0001,64,32,5000,ula,30
66080,8392160,-65.0805591467241,0.0001,64,32,5000,ula,30
66112,8396224,-67.63136241463877,0.0001,64,32,5000,ula,30
66144,8400288,-64.05393072318418,0.0001,64,32,5000,ula,30
66176,8404352,-70.183682872124,0.0001,64,32,5000,ula,30
66208,8408416,-66.34453076675744,0.0001,64,32,5000,ula,30
66240,8412480,-66.67542054811084,0.0001,64,32,5000,ula,30
66272,8416544,-64.7238902637162,0.0001,64,32,5000,ula,30
66304,8420608,-64.11446246847076,0.0001,64,32,5000,ula,30
66336,8424672,-66.23724945178664,0.0001,64,32,5000,ula,30
66368,8428736,-63.46502567909356,0.0001,64,32,5000,ula,30
66400,8432800,-64.93466293363649,0.0001,64,32,5000,ula,30
66432,8436864,-67.81087223959206,0.0001,64,32,5000,ula,30
66464,8440928,-67.41629717005377,0.0001,64,32,5000,ula,30
66496,8444992,-64.01887435950276,0.0001,64,32,5000,ula,30
66528,8449056,-60.417611059744395,0.0001,64,32,5000,ula,30
66560,8453120,-70.01810507125202,0.0001,64,32,5000,ula,30
66592,8457184,-70.14685134490357,0.0001,64,32,5000,ula,30
66624,8461248,-67.86055755548689,0.0001,64,32,5000,ula,30
66656,8465312,-67.58184640999924,0.0001,64,32,5000,ula,30
66688,8469376,-66.82438884173096,0.0001,64,32,5000,ula,30
66720,8473440,-57.45288988255814,0.0001,64,32,5000,ula,30
66752,8477504,-65.34005405097614,0.0001,64,32,5000,ula,30
66784,8481568,-58.7578677096179,0.0001,64,32,5000,ula,30
66816,8485632,-66.3542203865704,0.0001,64,32,5000,ula,30
66848,8489696,-67.27552870956214,0.0001,64,32,5000,ula,30
66880,8493760,-69.39941502726508,0.0001,64,32,5000,ula,30
66912,8497824,-68.68751669102726,0.0001,64,32,5000,ula,30
66944,8501888,-63.52005405166488,0.0001,64,32,5000,ula,30
66976,8505952,-68.30213070528407,0.0001,64,32,5000,ula,30
67008,8510016,-59.43796047431171,0.0001,64,32,5000,ula,30
67040,8514080,-69.2802146257329,0.0001,64,32,5000,ula,30
67072,8518144,-68.74218754239425,0.0001,64,32,5000,ula,30
67104,8522208,-71.12717148342618,0.0001,64,32,5000,ula,30
67136,8526272,-62.10106800299437,0.0001,64,32,5000,ula,30
67168,8530336,-68.85850347637636,0.0001,64,32,5000,ula,30
67200,8534400,-68.02657692404729,0.0001,64,32,5000,ula,30
67232,8538464,-64.4423508531817,0.0001,64,32,5000,ula,30
67264,8542528,-61.73084536913977,0.0001,64,32,5000,ula,30
67296,8546592,-64.56979425130251,0.0001,64,32,5000,ula,30
67328,8550656,-63.65946817218794,0.0001,64,32,5000,ula,30
67360,8554720,-67.34933649589084,0.0001,64,32,5000,ula,30
67392,8558784,-60.171766374913176,0.0001,64,32,5000,ula,30
67424,8562848,-62.0308749579606,0.0001,64,32,5000,ula,30
67456,8566912,-67.09777542228548,0.0001,64,32,5000,ula,30
67488,8570976,-60.20983108604887,0.0001,64,32,5000,ula,30
67520,8575040,-65.78409432954942,0.0001,64,32,5000,ula,30
67552,8579104,-67.75238808055566,0.0001,64,32,5000,ula,30
67584,8583168,-69.39955557488365,0.0001,64,32,5000,ula,30
67616,8587232,-62.431666712411975,0.0001,64,32,5000,ula,30
67648,8591296,-64.05927090549586,0.0001,64,32,5000,ula,30
67680,8595360,-68.5990911495947,0.0001,64,32,5000,ula,30
67712,8599424,-66.07951547063645,0.0001,64,32,5000,ula,30
67744,8603488,-61.42400032254175,0.0001,64,32,5000,ula,30
67776,8607552,-67.55762427451911,0.0001,64,32,5000,ula,30
67808,8611616,-64.23081169009991,0.0001,64,32,5000,ula,30
67840,8615680,-66.01008193372772,0.0001,64,32,5000,ula,30
67872,8619744,-61.36891259855416,0.0001,64,32,5000,ula,30
67904,8623808,-65.26807565765226,0.0001,64,32,5000,ula,30
67936,8627872,-67.90120439191307,0.0001,64,32,5000,ula,30
67968,8631936,-69.45055148043022,0.0001,64,32,5000,ula,30
68000,8636000,-67.46972678586769,0.0001,64,32,5000,ula,30
68032,8640064,-66.67472795864768,0.0001,64,32,5000,ula,30
68064,8644128,-66.20696650762603,0.0001,64,32,5000,ula,30
68096,8648192,-68.11570040867277,0.0001,64,32,5000,ula,30
68128,8652256,-61.353693739344465,0.0001,64,32,5000,ula,30
68160,8656320,-56.1242122912952,0.0001,64,32,5000,ula,30
68192,8660384,-65.42457873496703,0.0001,64,32,5000,ula,30
68224,8664448,-70.10523191956554,0.0001,64,32,5000,ula,30
68256,8668512,-69.37105727315324,0.0001,64,32,5000,ula,30
68288,8672576,-66.89280736826983,0.0001,64,32,5000,ula,30
68320,8676640,-65.4632656958471,0.0001,64,32,5000,ula,30
68352,8680704,-68.06064004275753,0.0001,64,32,5000,ula,30
68384,8684768,-65.70810006104611,0.0001,64,32,5000,ula,30
68416,8688832,-51.0996979315623,0.0001,64,32,5000,ula,30
68448,8692896,-59.12662775719306,0.0001,64,32,5000,ula,30
68480,8696960,-67.63745286404274,0.0001,64,32,5000,ula,30
68512,8701024,-62.40333004451584,0.0001,64,32,5000,ula,30
68544,8705088,-66.91949969996543,0.0001,64,32,5000,ula,30
68576,8709152,-62.02047554677703,0.0001,64,32,5000,ula,30
68608,8713216,-63.1356567754222,0.0001,64,32,5000,ula,30
68640,8717280,-64.55736743546682,0.0001,64,32,5000,ula,30
68672,8721344,-66.98392707260227,0.0001,64,32,5000,ula,30
68704,8725408,-67.19448377858141,0.0001,64,32,5000,ula,30
68736,8729472,-68.48888037403646,0.0001,64,32,5000,ula,30
68768,8733536,-67.99695100003824,0.0001,64,32,5000,ula,30
68800,8737600,-69.6619666680575,0.0001,64,32,5000,ula,30
68832,8741664,-65.98772848193533,0.0001,64,32,5000,ula,30
68864,8745728,-63.119788810567684,0.0001,64,32,5000,ula,30
68896,8749792,-49.03698106278929,0.0001,64,32,5000,ula,30
68928,8753856,-69.34730164398104,0.0001,64,32,5000,ula,30
68960,8757920,-62.239737603186924,0.0001,64,32,5000,ula,30
68992,8761984,-69.00041668471553,0.0001,64,32,5000,ula,30
69024,8766048,-67.08784226581173,0.0001,64,32,5000,ula,30
69056,8770112,-68.13572150099397,0.0001,64,32,5000,ula,30
69088,8774176,-66.14605419404658,0.0001,64,32,5000,ula,30
69120,8778240,-66.7785611032758,0.0001,64,32,5000,ula,30
69152,8782304,-64.63178400663793,0.0001,64,32,5000,ula,30
69184,8786368,-64.39057121228154,0.0001,64,32,5000,ula,30
69216,8790432,-67.30056833625791,0.0001,64,32,5000,ula,30
69248,8794496,-65.51977771443043,0.0001,64,32,5000,ula,30
69280,8798560,-58.8979038607619,0.0001,64,32,5000,ula,30
69312,8802624,-67.60824620889782,0.0001,64,32,5000,ula,30
69344,8806688,-58.191477320362424,0.0001,64,32,5000,ula,30
69376,8810752,-65.60812339090836,0.0001,64,32,5000,ula,30
69408,8814816,-66.92361256575819,0.0001,64,32,5000,ula,30
69440,8818880,-65.25486896658329,0.0001,64,32,5000,ula,30
69472,8822944,-67.73135618830996,0.0001,64,32,5000,ula,30
69504,8827008,-66.5127875971007,0.0001,64,32,5000,ula,30
69536,8831072,-64.44189075679047,0.0001,64,32,5000,ula,30
69568,8835136,-59.891321700320475,0.0001,64,32,5000,ula,30
69600,8839200,-63.90155510374028,0.0001,64,32,5000,ula,30
69632,8843264,-62.98603456347844,0.0001,64,32,5000,ula,30
69664,8847328,-58.88727616194369,0.0001,64,32,5000,ula,30
69696,8851392,-66.19026705158834,0.0001,64,32,5000,ula,30
69728,8855456,-68.36371398806206,0.0001,64,32,5000,ula,30
69760,8859520,-58.49143783813825,0.0001,64,32,5000,ula,30
69792,8863584,-62.71217155904899,0.0001,64,32,5000,ula,30
69824,8867648,-68.04703460873444,0.0001,64,32,5000,ula,30
69856,8871712,-63.61991911306139,0.0001,64,32,5000,ula,30
69888,8875776,-63.53527164762303,0.0001,64,32,5000,ula,30
69920,8879840,-65.62078296144487,0.0001,64,32,5000,ula,30
69952,8883904,-59.74934363798248,0.0001,64,32,5000,ula,30
69984,8887968,-61.33981662080268,0.0001,64,32,5000,ula,30
70016,8892032,-59.051608756036714,0.0001,64,32,5000,ula,30
70048,8896096,-69.02160364223701,0.0001,64,32,5000,ula,30
70080,8900160,-61.89290937221586,0.0001,64,32,5000,ula,30
70112,8904224,-67.47139813607049,0.0001,64,32,5000,ula,30
70144,8908288,-61.88018235093583,0.0001,64,32,5000,ula,30
70176,8912352,-68.49167408505235,0.0001,64,32,5000,ula,30
70208,8916416,-65.86459813071076,0.0001,64,32,5000,ula,30
70240,8920480,-64.68703062916133,0.0001,64,32,5000,ula,30
70272,8924544,-67.03577057063049,0.0001,64,32,5000,ula,30
70304,8928608,-60.71836750655394,0.0001,64,32,5000,ula,30
70336,8932672,-66.94247362810921,0.0001,64,32,5000,ula,30
70368,8936736,-66.88434069630463,0.0001,64,32,5000,ula,30
70400,8940800,-64.76984073125452,0.0001,64,32,5000,ula,30
70432,8944864,-64.82292540715129,0.0001,64,32,5000,ula,30
70464,8948928,-61.23802994436048,0.0001,64,32,5000,ula,30
70496,8952992,-66.23013646308856,0.0001,64,32,5000,ula,30
70528,8957056,-67.87413081997651,0.0001,64,32,5000,ula,30
70560,8961120,-62.60738028565686,0.0001,64,32,5000,ula,30
70592,8965184,-60.75421166136096,0.0001,64,32,5000,ula,30
70624,8969248,-68.79499874031578,0.0001,64,32,5000,ula,30
70656,8973312,-61.2405590773777,0.0001,64,32,5000,ula,30
70688,8977376,-65.32207450943874,0.0001,64,32,5000,ula,30
70720,8981440,-65.40985973369123,0.0001,64,32,5000,ula,30
70752,8985504,-64.02799555521068,0.0001,64,32,5000,ula,30
70784,8989568,-68.23218756306139,0.0001,64,32,5000,ula,30
70816,8993632,-64.41925583181914,0.0001,64,32,5000,ula,30
70848,8997696,-62.000989232617485,0.0001,64,32,5000,ula,30
70880,9001760,-59.79956875627139,0.0001,64,32,5000,ula,30
70912,9005824,-62.23837643765911,0.0001,64,32,5000,ula,30
70944,9009888,-64.12559193265997,0.0001,64,32,5000,ula,30
70976,9013952,-68.87381549201282,0.0001,64,32,5000,ula,30
71008,9018016,-65.92751776090091,0.0001,64,32,5000,ula,30
71040,9022080,-66.68993582611098,0.0001,64,32,5000,ula,30
71072,9026144,-48.67445074191527,0.0001,64,32,5000,ula,30
71104,9030208,-68.26060716005848,0.0001,64,32,5000,ula,30
71136,9034272,-66.89393307674649,0.0001,64,32,5000,ula,30
71168,9038336,-70.18049781861755,0.0001,64,32,5000,ula,30
71200,9042400,-63.635314991128965,0.0001,64,32,5000,ula,30
71232,9046464,-64.67774062002292,0.0001,64,32,5000,ula,30
71264,9050528,-56.09275354552978,0.0001,64,32,5000,ula,30
71296,9054592,-66.59884902650688,0.0001,64,32,5000,ula,30
71328,9058656,-60.33536399901347,0.0001,64,32,5000,ula,30
71360,9062720,-68.51623320965625,0.0001,64,32,5000,ula,30
71392,9066784,-69.38968541430336,0.0001,64,32,5000,ula,30
71424,9070848,-61.81097071315412,0.0001,64,32,5000,ula,30
71456,9074912,-61.965791415481476,0.0001,64,32,5000,ula,30
71488,9078976,-68.9561374170384,0.0001,64,32,5000,ula,30
71520,9083040,-66.86054406280512,0.0001,64,32,5000,ula,30
71552,9087104,-64.71044776467866,0.0001,64,32,5000,ula,30
71584,9091168,-65.44690719484343,0.0001,64,32,5000,ula,30
71616,9095232,-64.1599571097753,0.0001,64,32,5000,ula,30
71648,9099296,-65.36497258757132,0.0001,64,32,5000,ula,30
71680,9103360,-58.56294067706719,0.0001,64,32,5000,ula,30
71712,9107424,-64.43704476262742,0.0001,64,32,5000,ula,30
71744,9111488,-65.88917343821673,0.0001,64,32,5000,ula,30
71776,9115552,-61.956758695276974,0.0001,64,32,5000,ula,30
71808,9119616,-65.89189438172853,0.0001,64,32,5000,ula,30
71840,9123680,-65.42589087471461,0.0001,64,32,5000,ula,30
71872,9127744,-60.94281088974146,0.0001,64,32,5000,ula,30
71904,9131808,-50.93255039880612,0.0001,64,32,5000,ula,30
71936,9135872,-63.88171803833978,0.0001,64,32,5000,ula,30
71968,9139936,-60.03124915476094,0.0001,64,32,5000,ula,30
72000,9144000,-67.07162932815253,0.0001,64,32,5000,ula,30
72032,9148064,-61.8937438741843,0.0001,64,32,5000,ula,30
72064,9152128,-65.97449277233905,0.0001,64,32,5000,ula,30
72096,9156192,-64.1643244576122,0.0001,64,32,5000,ula,30
72128,9160256,-68.78221107045546,0.0001,64,32,5000,ula,30
72160,9164320,-58.980646241353995,0.0001,64,32,5000,ula,30
72192,9168384,-58.13966679422729,0.0001,64,32,5000,ula,30
72224,9172448,-65.69584880328354,0.0001,64,32,5000,ula,30
72256,9176512,-65.9630778311272,0.0001,64,32,5000,ula,30
72288,9180576,-68.80612531807147,0.0001,64,32,5000,ula,30
72320,9184640,-67.09128762337407,0.0001,64,32,5000,ula,30
72352,9188704,-63.82514040985524,0.0001,64,32,5000,ula,30
72384,9192768,-64.8640485011997,0.0001,64,32,5000,ula,30
72416,9196832,-67.17133112071885,0.0001,64,32,5000,ula,30
72448,9200896,-55.77842280391009,0.0001,64,32,5000,ula,30
72480,9204960,-66.43823504955165,0.0001,64,32,5000,ula,30
72512,9209024,-65.34092909684585,0.0001,64,32,5000,ula,30
72544,9213088,-63.912734526430704,0.0001,64,32,5000,ula,30
72576,9217152,-68.62998749073702,0.0001,64,32,5000,ula,30
72608,9221216,-65.85746643989482,0.0001,64,32,5000,ula,30
72640,9225280,-67.84240268610037,0.0001,64,32,5000,ula,30
72672,9229344,-65.16968188437508,0.0001,64,32,5000,ula,30
72704,9233408,-66.1698911402185,0.0001,64,32,5000,ula,30
72736,9237472,-62.62918421708125,0.0001,64,32,5000,ula,30
72768,9241536,-66.01616372617045,0.0001,64,32,5000,ula,30
72800,9245600,-65.01754564542759,0.0001,64,32,5000,ula,30
72832,9249664,-65.19210302618566,0.0001,64,32,5000,ula,30
72864,9253728,-60.42441496067686,0.0001,64,32,5000,ula,30
72896,9257792,-69.15955775636648,0.0001,64,32,5000,ula,30
72928,9261856,-69.47629954764179,0.0001,64,32,5000,ula,30
72960,9265920,-64.03141494143688,0.0001,64,32,5000,ula,30
72992,9269984,-68.76580137559219,0.0001,64,32,5000,ula,30
73024,9274048,-68.73740770346384,0.0001,64,32,5000,ula,30
73056,9278112,-60.00851872564402,0.0001,64,32,5000,ula,30
73088,9282176,-65.45566420703415,0.0001,64,32,5000,ula,30
73120,9286240,-66.8431351047768,0.0001,64,32,5000,ula,30
73152,9290304,-58.519924903848796,0.0001,64,32,5000,ula,30
73184,9294368,-65.62554305321189,0.0001,64,32,5000,ula,30
73216,9298432,-54.241195015463546,0.0001,64,32,5000,ula,30
73248,9302496,-55.244394092397755,0.0001,64,32,5000,ula,30
73280,9306560,-66.80362458872467,0.0001,64,32,5000,ula,30
73312,9310624,-67.88796041114763,0.0001,64,32,5000,ula,30
73344,9314688,-59.61657943413712,0.0001,64,32,5000,ula,30
73376,9318752,-57.66811175082275,0.0001,64,32,5000,ula,30
73408,9322816,-64.91186854021639,0.0001,64,32,5000,ula,30
73440,9326880,-65.77616697236762,0.0001,64,32,5000,ula,30
73472,9330944,-68.36989785136912,0.0001,64,32,5000,ula,30
73504,9335008,-67.53245639726714,0.0001,64,32,5000,ula,30
73536,9339072,-67.48622761357797,0.0001,64,32,5000,ula,30
73568,9343136,-67.70244545811578,0.0001,64,32,5000,ula,30
73600,9347200,-67.73791438467272,0.0001,64,32,5000,ula,30
73632,9351264,-59.98178965757674,0.0001,64,32,5000,ula,30
73664,9355328,-64.59481759453881,0.0001,64,32,5000,ula,30
73696,9359392,-60.30004182866352,0.0001,64,32,5000,ula,30
73728,9363456,-58.822490668605795,0.0001,64,32,5000,ula,30
73760,9367520,-59.47246881302811,0.0001,64,32,5000,ula,30
73792,9371584,-63.38434036801506,0.0001,64,32,5000,ula,30
73824,9375648,-58.5899899076256,0.0001,64,32,5000,ula,30
73856,9379712,-65.0332770610479,0.0001,64,32,5000,ula,30
73888,9383776,-61.97866812203901,0.0001,64,32,5000,ula,30
73920,9387840,-65.46994547519628,0.0001,64,32,5000,ula,30
73952,9391904,-63.551708623205734,0.0001,64,32,5000,ula,30
73984,9395968,-63.46038946923945,0.0001,64,32,5000,ula,30
74016,9400032,-66.41872792872502,0.0001,64,32,5000,ula,30
74048,9404096,-69.73558386911255,0.0001,64,32,5000,ula,30
74080,9408160,-63.983924792206984,0.0001,64,32,5000,ula,30
74112,9412224,-62.75542817801956,0.0001,64,32,5000,ula,30
74144,9416288,-64.47900839896268,0.0001,64,32,5000,ula,30
74176,9420352,-63.09621991097727,0.0001,64,32,5000,ula,30
74208,9424416,-63.35603872733308,0.0001,64,32,5000,ula,30
74240,9428480,-65.62180811671132,0.0001,64,32,5000,ula,30
74272,9432544,-66.39670993190876,0.0001,64,32,5000,ula,30
74304,9436608,-62.43043847635199,0.0001,64,32,5000,ula,30
74336,9440672,-62.68248779934398,0.0001,64,32,5000,ula,30
74368,9444736,-68.68082895484962,0.0001,64,32,5000,ula,30
74400,9448800,-66.34758060460099,0.0001,64,32,5000,ula,30
74432,9452864,-60.98178692039517,0.0001,64,32,5000,ula,30
74464,9456928,-62.44776229712307,0.0001,64,32,5000,ula,30
74496,9460992,-66.46730354535134,0.0001,64,32,5000,ula,30
74528,9465056,-57.83610181936161,0.0001,64,32,5000,ula,30
74560,9469120,-67.50712250513061,0.0001,64,32,5000,ula,30
74592,9473184,-67.34924219457,0.0001,64,32,5000,ula,30
74624,9477248,-66.0321273904264,0.0001,64,32,5000,ula,30
74656,9481312,-65.76543603355749,0.0001,64,32,5000,ula,30
74688,9485376,-66.34714357934337,0.0001,64,32,5000,ula,30
74720,9489440,-59.88922252087682,0.0001,64,32,5000,ula,30
74752,9493504,-53.929816560323,0.0001,64,32,5000,ula,30
74784,9497568,-58.036069067573884,0.0001,64,32,5000,ula,30
74816,9501632,-63.35749673825577,0.0001,64,32,5000,ula,30
74848,9505696,-65.51345420020836,0.0001,64,32,5000,ula,30
74880,9509760,-64.3306869304611,0.0001,64,32,5000,ula,30
74912,9513824,-59.01179127711039,0.0001,64,32,5000,ula,30
74944,9517888,-67.87930902472247,0.0001,64,32,5000,ula,30
74976,9521952,-66.53483483066127,0.0001,64,32,5000,ula,30
75008,9526016,-60.87349997813959,0.0001,64,32,5000,ula,30
75040,9530080,-68.59208482301534,0.0001,64,32,5000,ula,30
75072,9534144,-55.181178747406776,0.0001,64,32,5000,ula,30
75104,9538208,-65.55080012692287,0.0001,64,32,5000,ula,30
75136,9542272,-68.19690973387085,0.0001,64,32,5000,ula,30
75168,9546336,-69.67586498115773,0.0001,64,32,5000,ula,30
75200,9550400,-64.51027467787982,0.0001,64,32,5000,ula,30
75232,9554464,-65.48326204684648,0.0001,64,32,5000,ula,30
75264,9558528,-55.34447673557796,0.0001,64,32,5000,ula,30
75296,9562592,-69.79825058272863,0.0001,64,32,5000,ula,30
75328,9566656,-64.88861984750422,0.0001,64,32,5000,ula,30
75360,9570720,-65.41680439265573,0.0001,64,32,5000,ula,30
75392,9574784,-67.02102750183649,0.0001,64,32,5000,ula,30
75424,9578848,-64.39440779865281,0.0001,64,32,5000,ula,30
75456,9582912,-64.67325667619728,0.0001,64,32,5000,ula,30
75488,9586976,-62.79907806935643,0.0001,64,32,5000,ula,30
75520,9591040,-64.5671230541599,0.0001,64,32,5000,ula,30
75552,9595104,-68.92763592250263,0.0001,64,32,5000,ula,30
75584,9599168,-59.11683192712521,0.0001,64,32,5000,ula,30
75616,9603232,-69.41805090887846,0.0001,64,32,5000,ula,30
75648,9607296,-63.05624607595112,0.0001,64,32,5000,ula,30
75680,9611360,-64.57483129871754,0.0001,64,32,5000,ula,30
75712,9615424,-65.55331843732893,0.0001,64,32,5000,ula,30
75744,9619488,-65.68536994381851,0.0001,64,32,5000,ula,30
75776,9623552,-66.61451495148995,0.0001,64,32,5000,ula,30
75808,9627616,-68.21125548250518,0.0001,64,32,5000,ula,30
75840,9631680,-55.253822700193,0.0001,64,32,5000,ula,30
75872,9635744,-68.62425730751819,0.0001,64,32,5000,ula,30
75904,9639808,-64.11187451019612,0.0001,64,32,5000,ula,30
75936,9643872,-64.62874403636084,0.0001,64,32,5000,ula,30
75968,9647936,-66.81342163570255,0.0001,64,32,5000,ula,30
76000,9652000,-66.08492068117455,0.0001,64,32,5000,ula,30
76032,9656064,-67.22939503529862,0.0001,64,32,5000,ula,30
76064,9660128,-63.452922487264715,0.0001,64,32,5000,ula,30
76096,9664192,-65.6216179430414,0.0001,64,32,5000,ula,30
76128,9668256,-64.28822258818926,0.0001,64,32,5000,ula,30
76160,9672320,-66.4470672670869,0.0001,64,32,5000,ula,30
76192,9676384,-68.32261554369478,0.0001,64,32,5000,ula,30
76224,9680448,-66.86859524194476,0.0001,64,32,5000,ula,30
76256,9684512,-65.29348040132164,0.0001,64,32,5000,ula,30
76288,9688576,-62.09204300371016,0.0001,64,32,5000,ula,30
76320,9692640,-63.60989258356695,0.0001,64,32,5000,ula,30
76352,9696704,-65.71256644904773,0.0001,64,32,5000,ula,30
76384,9700768,-64.94953077251377,0.0001,64,32,5000,ula,30
76416,9704832,-54.503586450864574,0.0001,64,32,5000,ula,30
76448,9708896,-65.5895951977459,0.0001,64,32,5000,ula,30
76480,9712960,-66.09183214606053,0.0001,64,32,5000,ula,30
76512,9717024,-63.79514985304152,0.0001,64,32,5000,ula,30
76544,9721088,-59.7551272607817,0.0001,64,32,5000,ula,30
76576,9725152,-64.06543224991776,0.0001,64,32,5000,ula,30
76608,9729216,-67.8776849893116,0.0001,64,32,5000,ula,30
76640,9733280,-67.29225278551658,0.0001,64,32,5000,ula,30
76672,9737344,-62.20905274928135,0.0001,64,32,5000,ula,30
76704,9741408,-59.45471891051564,0.0001,64,32,5000,ula,30
76736,9745472,-69.38310816809975,0.0001,64,32,5000,ula,30
76768,9749536,-68.7233148014643,0.0001,64,32,5000,ula,30
76800,9753600,-67.84071820271085,0.0001,64,32,5000,ula,30
76832,9757664,-64.10556470226454,0.0001,64,32,5000,ula,30
76864,9761728,-55.09120982215918,0.0001,64,32,5000,ula,30
76896,9765792,-63.59736288462674,0.0001,64,32,5000,ula,30
76928,9769856,-56.988663080609626,0.0001,64,32,5000,ula,30
76960,9773920,-62.38967360032508,0.0001,64,32,5000,ula,30
76992,9777984,-66.43607013097339,0.0001,64,32,5000,ula,30
77024,9782048,-61.15267721048966,0.0001,64,32,5000,ula,30
77056,9786112,-57.96545653038526,0.0001,64,32,5000,ula,30
77088,9790176,-63.798950741386754,0.0001,64,32,5000,ula,30
77120,9794240,-65.32193199661928,0.0001,64,32,5000,ula,30
77152,9798304,-61.68036025601484,0.0001,64,32,5000,ula,30
77184,9802368,-65.48116315341657,0.0001,64,32,5000,ula,30
77216,9806432,-63.65978744839084,0.0001,64,32,5000,ula,30
77248,9810496,-63.164255555405546,0.0001,64,32,5000,ula,30
77280,9814560,-62.43583328541492,0.0001,64,32,5000,ula,30
77312,9818624,-62.5590259501458,0.0001,64,32,5000,ula,30
77344,9822688,-67.20126175931661,0.0001,64,32,5000,ula,30
77376,9826752,-64.46592676083087,0.0001,64,32,5000,ula,30
77408,9830816,-65.7626333010188,0.0001,64,32,5000,ula,30
77440,9834880,-67.47928838405659,0.0001,64,32,5000,ula,30
77472,9838944,-64.15080174733002,0.0001,64,32,5000,ula,30
77504,9843008,-60.238416160117474,0.0001,64,32,5000,ula,30
77536,9847072,-63.16485024466595,0.0001,64,32,5000,ula,30
77568,9851136,-67.86691751419798,0.0001,64,32,5000,ula,30
77600,9855200,-63.28978353153849,0.0001,64,32,5000,ula,30
77632,9859264,-65.01889551212801,0.0001,64,32,5000,ula,30
77664,9863328,-66.06557439210663,0.0001,64,32,5000,ula,30
77696,9867392,-67.26052387693522,0.0001,64,32,5000,ula,30
77728,9871456,-61.316571662242175,0.0001,64,32,5000,ula,30
77760,9875520,-66.49925917466781,0.0001,64,32,5000,ula,30
77792,9879584,-66.8760659292044,0.0001,64,32,5000,ula,30
77824,9883648,-65.25741105280349,0.0001,64,32,5000,ula,30
77856,9887712,-61.64115482000153,0.0001,64,32,5000,ula,30
77888,9891776,-66.82253502735476,0.0001,64,32,5000,ula,30
77920,9895840,-66.95801574383387,0.0001,64,32,5000,ula,30
77952,9899904,-59.639081104123896,0.0001,64,32,5000,ula,30
77984,9903968,-65.17834441095481,0.0001,64,32,5000,ula,30
78016,9908032,-68.47557500370738,0.0001,64,32,5000,ula,30
78048,9912096,-64.83397717399296,0.0001,64,32,5000,ula,30
78080,9916160,-58.854515040962596,0.0001,64,32,5000,ula,30
78112,9920224,-65.34908477029113,0.0001,64,32,5000,ula,30
78144,9924288,-62.28452680776648,0.0001,64,32,5000,ula,30
78176,9928352,-66.40496403132627,0.0001,64,32,5000,ula,30
78208,9932416,-64.73289367194283,0.0001,64,32,5000,ula,30
78240,9936480,-63.821589792792054,0.0001,64,32,5000,ula,30
78272,9940544,-58.275541736987755,0.0001,64,32,5000,ula,30
78304,9944608,-61.88324093566182,0.0001,64,32,5000,ula,30
78336,9948672,-63.30897353370561,0.0001,64,32,5000,ula,30
78368,9952736,-64.6482217923513,0.0001,64,32,5000,ula,30
78400,9956800,-63.76263813482773,0.0001,64,32,5000,ula,30
78432,9960864,-60.98403305168152,0.0001,64,32,5000,ula,30
78464,9964928,-59.12976561886025,0.0001,64,32,5000,ula,30
78496,9968992,-58.34571072212957,0.0001,64,32,5000,ula,30
78528,9973056,-63.58475859839336,0.0001,64,32,5000,ula,30
78560,9977120,-61.85619138801077,0.0001,64,32,5000,ula,30
78592,9981184,-62.79429325358124,0.0001,64,32,5000,ula,30
78624,9985248,-64.31967702613993,0.0001,64,32,5000,ula,30
78656,9989312,-64.35532863074663,0.0001,64,32,5000,ula,30
78688,9993376,-62.64881531330388,0.0001,64,32,5000,ula,30
78720,9997440,-68.00592899555406,0.0001,64,32,5000,ula,30
78752,10001504,-65.12711510883156,0.0001,64,32,5000,ula,30
78784,10005568,-63.985786106201786,0.0001,64,32,5000,ula,30
78816,10009632,-64.89024512920187,0.0001,64,32,5000,ula,30
78848,10013696,-64.40813994123884,0.0001,64,32,5000,ula,30
78880,10017760,-62.79367762454661,0.0001,64,32,5000,ula,30
78912,10021824,-57.44037930354233,0.0001,64,32,5000,ula,30
78944,10025888,-52.15322163710949,0.0001,64,32,5000,ula,30
78976,10029952,-63.87600217985304,0.0001,64,32,5000,ula,30
79008,10034016,-68.53472291036427,0.0001,64,32,5000,ula,30
79040,10038080,-64.42299623862492,0.0001,64,32,5000,ula,30
79072,10042144,-63.58848552676104,0.0001,64,32,5000,ula,30
79104,10046208,-66.66158838522969,0.0001,64,32,5000,ula,30
79136,10050272,-64.92891250574102,0.0001,64,32,5000,ula,30
79168,10054336,-62.39391373481522,0.0001,64,32,5000,ula,30
79200,10058400,-64.26630416224553,0.0001,64,32,5000,ula,30
79232,10062464,-64.12668771438575,0.0001,64,32,5000,ula,30
79264,10066528,-68.19799953626814,0.0001,64,32,5000,ula,30
79296,10070592,-59.46106121634605,0.0001,64,32,5000,ula,30
79328,10074656,-65.39811495284518,0.0001,64,32,5000,ula,30
79360,10078720,-58.31715921765067,0.0001,64,32,5000,ula,30
79392,10082784,-66.2848054849594,0.0001,64,32,5000,ula,30
79424,10086848,-65.6500818735073,0.0001,64,32,5000,ula,30
79456,10090912,-59.28680134350445,0.0001,64,32,5000,ula,30
79488,10094976,-38.01882589382658,0.0001,64,32,5000,ula,30
79520,10099040,-62.482279257465734,0.0001,64,32,5000,ula,30
79552,10103104,-64.71307549534339,0.0001,64,32,5000,ula,30
79584,10107168,-67.36520665380179,0.0001,64,32,5000,ula,30
79616,10111232,-64.11095773718623,0.0001,64,32,5000,ula,30
79648,10115296,-64.35328363221882,0.0001,64,32,5000,ula,30
79680,10119360,-58.07825023706006,0.0001,64,32,5000,ula,30
79712,10123424,-66.16466577419399,0.0001,64,32,5000,ula,30
79744,10127488,-62.94854853382981,0.0001,64,32,5000,ula,30
79776,10131552,-67.52624359708203,0.0001,64,32,5000,ula,30
79808,10135616,-55.48170319900814,0.0001,64,32,5000,ula,30
79840,10139680,-63.49759500951367,0.0001,64,32,5000,ula,30
79872,10143744,-62.48016916682359,0.0001,64,32,5000,ula,30
79904,10147808,-65.02065506133685,0.0001,64,32,5000,ula,30
79936,10151872,-66.6043140125932,0.0001,64,32,5000,ula,30
79968,10155936,-64.73407447853256,0.0001,64,32,5000,ula,30
80000,10160000,-66.27587128643187,0.0001,64,32,5000,ula,30
80032,10164064,-65.8347273617601,0.0001,64,32,5000,ula,30
80064,10168128,-61.51789018213809,0.0001,64,32,5000,ula,30
80096,10172192,-65.88124658413903,0.0001,64,32,5000,ula,30
80128,10176256,-61.68812066307035,0.0001,64,32,5000,ula,30
80160,10180320,-58.64268151370803,0.0001,64,32,5000,ula,30
80192,10184384,-66.7701898393155,0.0001,64,32,5000,ula,30
80224,10188448,-65.04145981431486,0.0001,64,32,5000,ula,30
80256,10192512,-67.65283557367445,0.0001,64,32,5000,ula,30
80288,10196576,-68.26506787347273,0.0001,64,32,5000,ula,30
80320,10200640,-69.38351561078376,0.0001,64,32,5000,ula,30
80352,10204704,-63.566435668351524,0.0001,64,32,5000,ula,30
80384,10208768,-66.04437618422115,0.0001,64,32,5000,ula,30
80416,10212832,-61.15576435337122,0.0001,64,32,5000,ula,30
80448,10216896,-66.00338933178207,0.0001,64,32,5000,ula,30
80480,10220960,-68.09794870060075,0.0001,64,32,5000,ula,30
80512,10225024,-67.88205732039046,0.0001,64,32,5000,ula,30
80544,10229088,-55.91856544059022,0.0001,64,32,5000,ula,30
80576,10233152,-60.131826142654994,0.0001,64,32,5000,ula,30
80608,10237216,-61.17810796657609,0.0001,64,32,5000,ula,30
80640,10241280,-66.28154131280196,0.0001,64,32,5000,ula,30
80672,10245344,-62.260992943518254,0.0001,64,32,5000,ula,30
80704,10249408,-63.72244521980506,0.0001,64,32,5000,ula,30
80736,10253472,-67.35967557785928,0.0001,64,32,5000,ula,30
80768,10257536,-62.23093105016023,0.0001,64,32,5000,ula,30
80800,10261600,-62.181866823521595,0.0001,64,32,5000,ula,30
80832,10265664,-60.72294963483455,0.0001,64,32,5000,ula,30
80864,10269728,-56.60380834238475,0.0001,64,32,5000,ula,30
80896,10273792,-62.03116985016519,0.0001,64,32,5000,ula,30
80928,10277856,-59.90086553615638,0.0001,64,32,5000,ula,30
80960,10281920,-61.45398357447765,0.0001,64,32,5000,ula,30
80992,10285984,-63.00784649563054,0.0001,64,32,5000,ula,30
81024,10290048,-66.86208366229795,0.0001,64,32,5000,ula,30
81056,10294112,-63.98062984907006,0.0001,64,32,5000,ula,30
81088,10298176,-65.57896015494639,0.0001,64,32,5000,ula,30
81120,10302240,-67.15945083907194,0.0001,64,32,5000,ula,30
81152,10306304,-66.23564181066978,0.0001,64,32,5000,ula,30
81184,10310368,-59.48017035084562,0.0001,64,32,5000,ula,30
81216,10314432,-68.55909160204054,0.0001,64,32,5000,ula,30
81248,10318496,-62.934141847533326,0.0001,64,32,5000,ula,30
81280,10322560,-65.1771417823445,0.0001,64,32,5000,ula,30
81312,10326624,-65.92357779558495,0.0001,64,32,5000,ula,30
81344,10330688,-65.64056694913192,0.0001,64,32,5000,ula,30
81376,10334752,-65.47099241462442,0.0001,64,32,5000,ula,30
81408,10338816,-61.612578301344705,0.0001,64,32,5000,ula,30
81440,10342880,-67.93881243432732,0.0001,64,32,5000,ula,30
81472,10346944,-61.59408994469119,0.0001,64,32,5000,ula,30
81504,10351008,-63.597836634008,0.0001,64,32,5000,ula,30
81536,10355072,-62.13767677732926,0.0001,64,32,5000,ula,30
81568,10359136,-61.46446166997943,0.0001,64,32,5000,ula,30
81600,10363200,-66.99152599748028,0.0001,64,32,5000,ula,30
81632,10367264,-66.55609514996247,0.0001,64,32,5000,ula,30
81664,10371328,-62.895120481701646,0.0001,64,32,5000,ula,30
81696,10375392,-64.51934301042824,0.0001,64,32,5000,ula,30
81728,10379456,-69.25752784414405,0.0001,64,32,5000,ula,30
81760,10383520,-63.12048608996426,0.0001,64,32,5000,ula,30
81792,10387584,-69.8988420343364,0.0001,64,32,5000,ula,30
81824,10391648,-61.63841119129364,0.0001,64,32,5000,ula,30
81856,10395712,-61.954886068224376,0.0001,64,32,5000,ula,30
81888,10399776,-62.88699370213719,0.0001,64,32,5000,ula,30
81920,10403840,-59.6226573994273,0.0001,64,32,5000,ula,30
81952,10407904,-65.06855116618819,0.0001,64,32,5000,ula,30
81984,10411968,-65.38906142597095,0.0001,64,32,5000,ula,30
82016,10416032,-66.46903506928483,0.0001,64,32,5000,ula,30
82048,10420096,-65.85568805340323,0.0001,64,32,5000,ula,30
82080,10424160,-57.339877584833815,0.0001,64,32,5000,ula,30
82112,10428224,-66.95792845275699,0.0001,64,32,5000,ula,30
82144,10432288,-62.408621134466166,0.0001,64,32,5000,ula,30
82176,10436352,-63.740035727710655,0.0001,64,32,5000,ula,30
82208,10440416,-62.942625898494356,0.0001,64,32,5000,ula,30
82240,10444480,-68.57239607919793,0.0001,64,32,5000,ula,30
82272,10448544,-64.63369181736735,0.0001,64,32,5000,ula,30
82304,10452608,-66.4888188805625,0.0001,64,32,5000,ula,30
82336,10456672,-68.66411290190402,0.0001,64,32,5000,ula,30
82368,10460736,-63.76668770057635,0.0001,64,32,5000,ula,30
82400,10464800,-65.73582296639366,0.0001,64,32,5000,ula,30
82432,10468864,-62.85490486704595,0.0001,64,32,5000,ula,30
82464,10472928,-65.77546043894505,0.0001,64,32,5000,ula,30
82496,10476992,-61.47004478405488,0.0001,64,32,5000,ula,30
82528,10481056,-65.93910942496828,0.0001,64,32,5000,ula,30
82560,10485120,-66.57358876797521,0.0001,64,32,5000,ula,30
82592,10489184,-59.58359472374394,0.0001,64,32,5000,ula,30
82624,10493248,-62.75926116909792,0.0001,64,32,5000,ula,30
82656,10497312,-65.98793914864285,0.0001,64,32,5000,ula,30
82688,10501376,-59.080011235587584,0.0001,64,32,5000,ula,30
82720,10505440,-64.54492596812945,0.0001,64,32,5000,ula,30
82752,10509504,-61.461489067872904,0.0001,64,32,5000,ula,30
82784,10513568,-57.37624235589994,0.0001,64,32,5000,ula,30
82816,10517632,-65.3951606828366,0.0001,64,32,5000,ula,30
82848,10521696,-64.65708194991358,0.0001,64,32,5000,ula,30
82880,10525760,-64.32889600484197,0.0001,64,32,5000,ula,30
82912,10529824,-60.5415995889116,0.0001,64,32,5000,ula,30
82944,10533888,-63.0211085838567,0.0001,64,32,5000,ula,30
82976,10537952,-62.44384998683155,0.0001,64,32,5000,ula,30
83008,10542016,-66.25766356681828,0.0001,64,32,5000,ula,30
83040,10546080,-67.98888498546226,0.0001,64,32,5000,ula,30
83072,10550144,-46.28986731166722,0.0001,64,32,5000,ula,30
83104,10554208,-63.03022117109127,0.0001,64,32,5000,ula,30
83136,10558272,-62.51954474442342,0.0001,64,32,5000,ula,30
83168,10562336,-65.23004839985133,0.0001,64,32,5000,ula,30
83200,10566400,-66.71105521771234,0.0001,64,32,5000,ula,30
83232,10570464,-64.949572829076,0.0001,64,32,5000,ula,30
83264,10574528,-64.98242794317302,0.0001,64,32,5000,ula,30
83296,10578592,-66.50739992470139,0.0001,64,32,5000,ula,30
83328,10582656,-65.46401847204945,0.0001,64,32,5000,ula,30
83360,10586720,-65.86122853970723,0.0001,64,32,5000,ula,30
83392,10590784,-65.6404140420311,0.0001,64,32,5000,ula,30
83424,10594848,-66.63068024126525,0.0001,64,32,5000,ula,30
83456,10598912,-65.11761797152784,0.0001,64,32,5000,ula,30
83488,10602976,-66.11215100562451,0.0001,64,32,5000,ula,30
83520,10607040,-61.576108340466334,0.0001,64,32,5000,ula,30
83552,10611104,-67.00161208563206,0.0001,64,32,5000,ula,30
83584,10615168,-68.47239593465027,0.0001,64,32,5000,ula,30
83616,10619232,-59.52081841583596,0.0001,64,32,5000,ula,30
83648,10623296,-61.51453975804845,0.0001,64,32,5000,ula,30
83680,10627360,-66.95572425051533,0.0001,64,32,5000,ula,30
83712,10631424,-67.32890554589189,0.0001,64,32,5000,ula,30
83744,10635488,-61.590223799626195,0.0001,64,32,5000,ula,30
83776,10639552,-66.66043335060071,0.0001,64,32,5000,ula,30
83808,10643616,-59.05688373990749,0.0001,64,32,5000,ula,30
83840,10647680,-65.86777198577464,0.0001,64,32,5000,ula,30
83872,10651744,-65.25525630408333,0.0001,64,32,5000,ula,30
83904,10655808,-61.765681023061454,0.0001,64,32,5000,ula,30
83936,10659872,-65.05467917546116,0.0001,64,32,5000,ula,30
83968,10663936,-62.19366822648647,0.0001,64,32,5000,ula,30
84000,10668000,-64.6838075282009,0.0001,64,32,5000,ula,30
84032,10672064,-62.501738048548724,0.0001,64,32,5000,ula,30
84064,10676128,-50.230996811234945,0.0001,64,32,5000,ula,30
84096,10680192,-65.30456750793905,0.0001,64,32,5000,ula,30
84128,10684256,-58.562670117007876,0.0001,64,32,5000,ula,30
84160,10688320,-64.06437152529611,0.0001,64,32,5000,ula,30
84192,10692384,-65.8397881005882,0.0001,64,32,5000,ula,30
84224,10696448,-64.78631560979836,0.0001,64,32,5000,ula,30
84256,10700512,-59.38594593305478,0.0001,64,32,5000,ula,30
84288,10704576,-64.9830016184399,0.0001,64,32,5000,ula,30
84320,10708640,-63.70197173865452,0.0001,64,32,5000,ula,30
84352,10712704,-66.56271681476707,0.0001,64,32,5000,ula,30
84384,10716768,-67.75117142256916,0.0001,64,32,5000,ula,30
84416,10720832,-65.34642102786091,0.0001,64,32,5000,ula,30
84448,10724896,-61.84963369472889,0.0001,64,32,5000,ula,30
84480,10728960,-54.990794411296,0.0001,64,32,5000,ula,30
84512,10733024,-63.26367922239812,0.0001,64,32,5000,ula,30
84544,10737088,-66.76816721490147,0.0001,64,32,5000,ula,30
84576,10741152,-64.59060147605041,0.0001,64,32,5000,ula,30
84608,10745216,-57.69798179331341,0.0001,64,32,5000,ula,30
84640,10749280,-62.268914849503005,0.0001,64,32,5000,ula,30
84672,10753344,-61.49748071134475,0.0001,64,32,5000,ula,30
84704,10757408,-52.071596363883536,0.0001,64,32,5000,ula,30
84736,10761472,-59.459366631390445,0.0001,64,32,5000,ula,30
84768,10765536,-59.450309993757436,0.0001,64,32,5000,ula,30
84800,10769600,-68.0101569912946,0.0001,64,32,5000,ula,30
84832,10773664,-60.72848517617565,0.0001,64,32,5000,ula,30
84864,10777728,-67.74338089820381,0.0001,64,32,5000,ula,30
84896,10781792,-65.53075880067087,0.0001,64,32,5000,ula,30
84928,10785856,-65.19856748864103,0.0001,64,32,5000,ula,30
84960,10789920,-57.68066126209777,0.0001,64,32,5000,ula,30
84992,10793984,-69.29096403669642,0.0001,64,32,5000,ula,30
85024,10798048,-62.06755471921645,0.0001,64,32,5000,ula,30
85056,10802112,-66.31452608209105,0.0001,64,32,5000,ula,30
85088,10806176,-68.31013898189781,0.0001,64,32,5000,ula,30
85120,10810240,-63.05546345747817,0.0001,64,32,5000,ula,30
85152,10814304,-65.96667593115045,0.0001,64,32,5000,ula,30
85184,10818368,-61.60358715288877,0.0001,64,32,5000,ula,30
85216,10822432,-67.30191716965155,0.0001,64,32,5000,ula,30
85248,10826496,-63.916088522647435,0.0001,64,32,5000,ula,30
85280,10830560,-66.56186427235674,0.0001,64,32,5000,ula,30
85312,10834624,-64.43259688002672,0.0001,64,32,5000,ula,30
85344,10838688,-62.852211377152116,0.0001,64,32,5000,ula,30
85376,10842752,-65.07117443799486,0.0001,64,32,5000,ula,30
85408,10846816,-66.19618759345214,0.0001,64,32,5000,ula,30
85440,10850880,-66.52928040060652,0.0001,64,32,5000,ula,30
85472,10854944,-66.538854042865,0.0001,64,32,5000,ula,30
85504,10859008,-56.686879559178614,0.0001,64,32,5000,ula,30
85536,10863072,-66.34799704154153,0.0001,64,32,5000,ula,30
85568,10867136,-63.88159561492102,0.0001,64,32,5000,ula,30
85600,10871200,-60.20846370929268,0.0001,64,32,5000,ula,30
85632,10875264,-57.537907892218016,0.0001,64,32,5000,ula,30
85664,10879328,-60.24653190907672,0.0001,64,32,5000,ula,30
85696,10883392,-65.23929975819065,0.0001,64,32,5000,ula,30
85728,10887456,-64.93193973927366,0.0001,64,32,5000,ula,30
85760,10891520,-66.95808184019782,0.0001,64,32,5000,ula,30
85792,10895584,-58.483322775275425,0.0001,64,32,5000,ula,30
85824,10899648,-61.23431384239481,0.0001,64,32,5000,ula,30
85856,10903712,-65.0817744245786,0.0001,64,32,5000,ula,30
85888,10907776,-66.14914245483764,0.0001,64,32,5000,ula,30
85920,10911840,-60.169587937946886,0.0001,64,32,5000,ula,30
85952,10915904,-67.88895013742082,0.0001,64,32,5000,ula,30
85984,10919968,-63.95658387407373,0.0001,64,32,5000,ula,30
86016,10924032,-64.24370037122272,0.0001,64,32,5000,ula,30
86048,10928096,-67.56946516052933,0.0001,64,32,5000,ula,30
86080,10932160,-62.94548702891545,0.0001,64,32,5000,ula,30
86112,10936224,-62.45713071031083,0.0001,64,32,5000,ula,30
86144,10940288,-59.06232620206446,0.0001,64,32,5000,ula,30
86176,10944352,-56.97677881599594,0.0001,64,32,5000,ula,30
86208,10948416,-63.46131016790247,0.0001,64,32,5000,ula,30
86240,10952480,-64.42692139971156,0.0001,64,32,5000,ula,30
86272,10956544,-66.28533136519069,0.0001,64,32,5000,ula,30
86304,10960608,-65.03332283387078,0.0001,64,32,5000,ula,30
86336,10964672,-59.013177162891566,0.0001,64,32,5000,ula,30
86368,10968736,-65.25714501958782,0.0001,64,32,5000,ula,30
86400,10972800,-64.08189280051741,0.0001,64,32,5000,ula,30
86432,10976864,-66.43420767218062,0.0001,64,32,5000,ula,30
86464,10980928,-59.52579598420095,0.0001,64,32,5000,ula,30
86496,10984992,-58.635845589293986,0.0001,64,32,5000,ula,30
86528,10989056,-65.59271610179148,0.0001,64,32,5000,ula,30
86560,10993120,-63.794911499205455,0.0001,64,32,5000,ula,30
86592,10997184,-64.66376490366933,0.0001,64,32,5000,ula,30
86624,11001248,-62.75616477467825,0.0001,64,32,5000,ula,30
86656,11005312,-62.918604568872006,0.0001,64,32,5000,ula,30
86688,11009376,-71.35075920842957,0.0001,64,32,5000,ula,30
86720,11013440,-67.36817786423562,0.0001,64,32,5000,ula,30
86752,11017504,-69.67965001658986,0.0001,64,32,5000,ula,30
86784,11021568,-63.79190356098721,0.0001,64,32,5000,ula,30
86816,11025632,-65.79861091922747,0.0001,64,32,5000,ula,30
86848,11029696,-62.68935345374345,0.0001,64,32,5000,ula,30
86880,11033760,-56.72098880731132,0.0001,64,32,5000,ula,30
86912,11037824,-65.26167126143827,0.0001,64,32,5000,ula,30
86944,11041888,-67.46247436252845,0.0001,64,32,5000,ula,30
86976,11045952,-64.98669137212269,0.0001,64,32,5000,ula,30
87008,11050016,-65.57360536122901,0.0001,64,32,5000,ula,30
87040,11054080,-63.78930121037528,0.0001,64,32,5000,ula,30
87072,11058144,-63.81463523104196,0.0001,64,32,5000,ula,30
87104,11062208,-64.39785815832826,0.0001,64,32,5000,ula,30
87136,11066272,-66.85879707436189,0.0001,64,32,5000,ula,30
87168,11070336,-67.88027145060028,0.0001,64,32,5000,ula,30
87200,11074400,-66.73015644391728,0.0001,64,32,5000,ula,30
87232,11078464,-64.321295390749,0.0001,64,32,5000,ula,30
87264,11082528,-67.80663983775268,0.0001,64,32,5000,ula,30
87296,11086592,-60.0026735927257,0.0001,64,32,5000,ula,30
87328,11090656,-62.542810624553084,0.0001,64,32,5000,ula,30
87360,11094720,-61.2856036631309,0.0001,64,32,5000,ula,30
87392,11098784,-67.88214533570728,0.0001,64,32,5000,ula,30
87424,11102848,-67.10814748446164,0.0001,64,32,5000,ula,30
87456,11106912,-67.4056635979527,0.0001,64,32,5000,ula,30
87488,11110976,-65.32280914097782,0.0001,64,32,5000,ula,30
87520,11115040,-64.81142257115866,0.0001,64,32,5000,ula,30
87552,11119104,-65.5938194323143,0.0001,64,32,5000,ula,30
87584,11123168,-65.9693097627927,0.0001,64,32,5000,ula,30
87616,11127232,-60.9427404657697,0.0001,64,32,5000,ula,30
87648,11131296,-64.60056338297248,0.0001,64,32,5000,ula,30
87680,11135360,-66.70873528959744,0.0001,64,32,5000,ula,30
87712,11139424,-66.40874224210762,0.0001,64,32,5000,ula,30
87744,11143488,-60.95586934449448,0.0001,64,32,5000,ula,30
87776,11147552,-63.334782494294835,0.0001,64,32,5000,ula,30
87808,11151616,-63.353770201756014,0.0001,64,32,5000,ula,30
87840,11155680,-57.35584978223748,0.0001,64,32,5000,ula,30
87872,11159744,-61.06059060489413,0.0001,64,32,5000,ula,30
87904,11163808,-67.18794876054997,0.0001,64,32,5000,ula,30
87936,11167872,-59.921408887745514,0.0001,64,32,5000,ula,30
87968,11171936,-65.84500327102268,0.0001,64,32,5000,ula,30
88000,11176000,-68.0476897791344,0.0001,64,32,5000,ula,30
88032,11180064,-57.41091476467156,0.0001,64,32,5000,ula,30
88064,11184128,-60.76678693624698,0.0001,64,32,5000,ula,30
88096,11188192,-54.332937053194854,0.0001,64,32,5000,ula,30
88128,11192256,-65.0389177292682,0.0001,64,32,5000,ula,30
88160,11196320,-60.15793876145431,0.0001,64,32,5000,ula,30
88192,11200384,-56.47516105193993,0.0001,64,32,5000,ula,30
88224,11204448,-61.55857174155365,0.0001,64,32,5000,ula,30
88256,11208512,-63.0616374021511,0.0001,64,32,5000,ula,30
88288,11212576,-66.46607349467416,0.0001,64,32,5000,ula,30
88320,11216640,-61.12435744012856,0.0001,64,32,5000,ula,30
88352,11220704,-68.39275937166755,0.0001,64,32,5000,ula,30
88384,11224768,-64.95126325669945,0.0001,64,32,5000,ula,30
88416,11228832,-65.01027397768925,0.0001,64,32,5000,ula,30
88448,11232896,-67.01280947332822,0.0001,64,32,5000,ula,30
88480,11236960,-65.25755263483224,0.0001,64,32,5000,ula,30
88512,11241024,-66.28934379090816,0.0001,64,32,5000,ula,30
88544,11245088,-69.0582182919051,0.0001,64,32,5000,ula,30
88576,11249152,-61.76740540807983,0.0001,64,32,5000,ula,30
88608,11253216,-62.60581472631306,0.0001,64,32,5000,ula,30
88640,11257280,-55.92773661948286,0.0001,64,32,5000,ula,30
88672,11261344,-68.28672330333589,0.0001,64,32,5000,ula,30
88704,11265408,-63.03923643353495,0.0001,64,32,5000,ula,30
88736,11269472,-65.33549188717667,0.0001,64,32,5000,ula,30
88768,11273536,-59.74647573895608,0.0001,64,32,5000,ula,30
88800,11277600,-63.674524519002794,0.0001,64,32,5000,ula,30
88832,11281664,-58.03148993318473,0.0001,64,32,5000,ula,30
88864,11285728,-63.827834622269116,0.0001,64,32,5000,ula,30
88896,11289792,-60.526058902070126,0.0001,64,32,5000,ula,30
88928,11293856,-58.19332117053867,0.0001,64,32,5000,ula,30
88960,11297920,-58.76083655616848,0.0001,64,32,5000,ula,30
88992,11301984,-66.67140683179296,0.0001,64,32,5000,ula,30
89024,11306048,-62.09016813315526,0.0001,64,32,5000,ula,30
89056,11310112,-64.88596077936268,0.0001,64,32,5000,ula,30
89088,11314176,-54.32818303427092,0.0001,64,32,5000,ula,30
89120,11318240,-67.56794340891906,0.0001,64,32,5000,ula,30
89152,11322304,-64.74871956277077,0.0001,64,32,5000,ula,30
89184,11326368,-54.75289959936586,0.0001,64,32,5000,ula,30
89216,11330432,-68.66587204859893,0.0001,64,32,5000,ula,30
89248,11334496,-65.7651453500028,0.0001,64,32,5000,ula,30
89280,11338560,-65.59069495160571,0.0001,64,32,5000,ula,30
89312,11342624,-66.14032452134077,0.0001,64,32,5000,ula,30
89344,11346688,-56.5210393138284,0.0001,64,32,5000,ula,30
89376,11350752,-58.250518718598386,0.0001,64,32,5000,ula,30
89408,11354816,-65.3096684783752,0.0001,64,32,5000,ula,30
89440,11358880,-66.07894045448283,0.0001,64,32,5000,ula,30
89472,11362944,-61.0020044803541,0.0001,64,32,5000,ula,30
89504,11367008,-68.43046263557254,0.0001,64,32,5000,ula,30
89536,11371072,-61.155673211867224,0.0001,64,32,5000,ula,30
89568,11375136,-65.11641821011902,0.0001,64,32,5000,ula,30
89600,11379200,-64.15084962665892,0.0001,64,32,5000,ula,30
89632,11383264,-58.169981228860514,0.0001,64,32,5000,ula,30
89664,11387328,-59.53124311094162,0.0001,64,32,5000,ula,30
89696,11391392,-68.06224041475987,0.0001,64,32,5000,ula,30
89728,11395456,-63.95022223797152,0.0001,64,32,5000,ula,30
89760,11399520,-63.4366355439769,0.0001,64,32,5000,ula,30
89792,11403584,-66.40857073887747,0.0001,64,32,5000,ula,30
89824,11407648,-65.54574414849344,0.0001,64,32,5000,ula,30
89856,11411712,-61.13209209542775,0.0001,64,32,5000,ula,30
89888,11415776,-64.7731840054684,0.0001,64,32,5000,ula,30
89920,11419840,-64.40378064889389,0.0001,64,32,5000,ula,30
89952,11423904,-64.64294202763928,0.0001,64,32,5000,ula,30
89984,11427968,-68.67510411234663,0.0001,64,32,5000,ula,30
90016,11432032,-57.754927213102114,0.0001,64,32,5000,ula,30
90048,11436096,-64.27103312652505,0.0001,64,32,5000,ula,30
90080,11440160,-64.24614324707638,0.0001,64,32,5000,ula,30
90112,11444224,-56.69729115812296,0.0001,64,32,5000,ula,30
90144,11448288,-62.25856654185147,0.0001,64,32,5000,ula,30
90176,11452352,-59.63300539358916,0.0001,64,32,5000,ula,30
90208,11456416,-61.51696431058145,0.0001,64,32,5000,ula,30
90240,11460480,-53.986109505829646,0.0001,64,32,5000,ula,30
90272,11464544,-61.983458340474485,0.0001,64,32,5000,ula,30
90304,11468608,-59.731281074111806,0.0001,64,32,5000,ula,30
90336,11472672,-62.44174103594761,0.0001,64,32,5000,ula,30
90368,11476736,-60.33054008970838,0.0001,64,32,5000,ula,30
90400,11480800,-66.0961397344618,0.0001,64,32,5000,ula,30
90432,11484864,-62.20939165247588,0.0001,64,32,5000,ula,30
90464,11488928,-61.972798473713304,0.0001,64,32,5000,ula,30
90496,11492992,-63.6204524680413,0.0001,64,32,5000,ula,30
90528,11497056,-68.65869950291562,0.0001,64,32,5000,ula,30
90560,11501120,-57.97166949200963,0.0001,64,32,5000,ula,30
90592,11505184,-64.66639566495097,0.0001,64,32,5000,ula,30
90624,11509248,-59.15849135311374,0.0001,64,32,5000,ula,30
90656,11513312,-63.03741827863447,0.0001,64,32,5000,ula,30
90688,11517376,-56.78731561675767,0.0001,64,32,5000,ula,30
90720,11521440,-65.94150490520045,0.0001,64,32,5000,ula,30
90752,11525504,-64.86659018878156,0.0001,64,32,5000,ula,30
90784,11529568,-63.76884211289622,0.0001,64,32,5000,ula,30
90816,11533632,-54.68267613024576,0.0001,64,32,5000,ula,30
90848,11537696,-59.38618571932173,0.0001,64,32,5000,ula,30
90880,11541760,-65.94493466420955,0.0001,64,32,5000,ula,30
90912,11545824,-58.33029470452313,0.0001,64,32,5000,ula,30
90944,11549888,-67.40214038571851,0.0001,64,32,5000,ula,30
90976,11553952,-67.92281966380243,0.0001,64,32,5000,ula,30
91008,11558016,-57.9252862708595,0.0001,64,32,5000,ula,30
91040,11562080,-66.67849563192044,0.0001,64,32,5000,ula,30
91072,11566144,-65.62676178968248,0.0001,64,32,5000,ula,30
91104,11570208,-63.325870502179285,0.0001,64,32,5000,ula,30
91136,11574272,-62.050859534631506,0.0001,64,32,5000,ula,30
91168,11578336,-66.17054630397647,0.0001,64,32,5000,ula,30
91200,11582400,-63.10188836990649,0.0001,64,32,5000,ula,30
91232,11586464,-61.61214644715777,0.0001,64,32,5000,ula,30
91264,11590528,-63.862634156804816,0.0001,64,32,5000,ula,30
91296,11594592,-66.60960983808327,0.0001,64,32,5000,ula,30
91328,11598656,-65.66820854380292,0.0001,64,32,5000,ula,30
91360,11602720,-60.737762051179914,0.0001,64,32,5000,ula,30
91392,11606784,-59.49223993133759,0.0001,64,32,5000,ula,30
91424,11610848,-66.71898118442911,0.0001,64,32,5000,ula,30
91456,11614912,-59.45220251964991,0.0001,64,32,5000,ula,30
91488,11618976,-62.91672007584252,0.0001,64,32,5000,ula,30
91520,11623040,-63.092027807214265,0.0001,64,32,5000,ula,30
91552,11627104,-63.1764515481556,0.0001,64,32,5000,ula,30
91584,11631168,-68.32189710029606,0.0001,64,32,5000,ula,30
91616,11635232,-56.6937393159126,0.0001,64,32,5000,ula,30
91648,11639296,-65.41840204877857,0.0001,64,32,5000,ula,30
91680,11643360,-66.53371722694287,0.0001,64,32,5000,ula,30
91712,11647424,-59.583595524239094,0.0001,64,32,5000,ula,30
91744,11651488,-68.09877036927442,0.0001,64,32,5000,ula,30
91776,11655552,-59.71322121952669,0.0001,64,32,5000,ula,30
91808,11659616,-65.11535606815075,0.0001,64,32,5000,ula,30
91840,11663680,-62.69566334656822,0.0001,64,32,5000,ula,30
91872,11667744,-61.64559530989438,0.0001,64,32,5000,ula,30
91904,11671808,-66.679601841018,0.0001,64,32,5000,ula,30
91936,11675872,-64.86641609325054,0.0001,64,32,5000,ula,30
91968,11679936,-58.88737658351318,0.0001,64,32,5000,ula,30
92000,11684000,-65.39190252073809,0.0001,64,32,5000,ula,30
92032,11688064,-64.3548443951914,0.0001,64,32,5000,ula,30
92064,11692128,-67.3996427142742,0.0001,64,32,5000,ula,30
92096,11696192,-59.97848740796853,0.0001,64,32,5000,ula,30
92128,11700256,-64.10466755942495,0.0001,64,32,5000,ula,30
92160,11704320,-60.077895611941415,0.0001,64,32,5000,ula,30
92192,11708384,-60.35861421237824,0.0001,64,32,5000,ula,30
92224,11712448,-61.48819187027928,0.0001,64,32,5000,ula,30
92256,11716512,-64.02873827748628,0.0001,64,32,5000,ula,30
92288,11720576,-70.82267126184675,0.0001,64,32,5000,ula,30
92320,11724640,-58.66232706379653,0.0001,64,32,5000,ula,30
92352,11728704,-58.58285814468752,0.0001,64,32,5000,ula,30
92384,11732768,-64.21075616999985,0.0001,64,32,5000,ula,30
92416,11736832,-60.50650579191059,0.0001,64,32,5000,ula,30
92448,11740896,-56.460968891458506,0.0001,64,32,5000,ula,30
92480,11744960,-64.59927858532647,0.0001,64,32,5000,ula,30
92512,11749024,-62.38488727741722,0.0001,64,32,5000,ula,30
92544,11753088,-65.70143848068466,0.0001,64,32,5000,ula,30
92576,11757152,-56.07200301254318,0.0001,64,32,5000,ula,30
92608,11761216,-65.51854032098984,0.0001,64,32,5000,ula,30
92640,11765280,-57.74824188709789,0.0001,64,32,5000,ula,30
92672,11769344,-63.24934306307032,0.0001,64,32,5000,ula,30
92704,11773408,-63.40013768519036,0.0001,64,32,5000,ula,30
92736,11777472,-64.30939568140727,0.0001,64,32,5000,ula,30
92768,11781536,-65.4150431652401,0.0001,64,32,5000,ula,30
92800,11785600,-61.225894043922295,0.0001,64,32,5000,ula,30
92832,11789664,-65.87828339374562,0.0001,64,32,5000,ula,30
92864,11793728,-65.42543934252467,0.0001,64,32,5000,ula,30
92896,11797792,-63.77871880598004,0.0001,64,32,5000,ula,30
92928,11801856,-68.89149570541858,0.0001,64,32,5000,ula,30
92960,11805920,-54.78386774387899,0.0001,64,32,5000,ula,30
92992,11809984,-61.48588708254328,0.0001,64,32,5000,ula,30
93024,11814048,-60.963766207191945,0.0001,64,32,5000,ula,30
93056,11818112,-54.45493422024611,0.0001,64,32,5000,ula,30
93088,11822176,-63.20206141270817,0.0001,64,32,5000,ula,30
93120,11826240,-65.20571893549692,0.0001,64,32,5000,ula,30
93152,11830304,-67.548254300893,0.0001,64,32,5000,ula,30
93184,11834368,-47.72047385981263,0.0001,64,32,5000,ula,30
93216,11838432,-53.755862883378676,0.0001,64,32,5000,ula,30
93248,11842496,-61.02304233806857,0.0001,64,32,5000,ula,30
93280,11846560,-67.45708329210248,0.0001,64,32,5000,ula,30
93312,11850624,-61.71112354375838,0.0001,64,32,5000,ula,30
93344,11854688,-65.95817451114155,0.0001,64,32,5000,ula,30
93376,11858752,-57.80844212981511,0.0001,64,32,5000,ula,30
93408,11862816,-58.420232313553605,0.0001,64,32,5000,ula,30
93440,11866880,-62.34672960716856,0.0001,64,32,5000,ula,30
93472,11870944,-60.999630530586565,0.0001,64,32,5000,ula,30
93504,11875008,-63.718738585321574,0.0001,64,32,5000,ula,30
93536,11879072,-66.58107277998909,0.0001,64,32,5000,ula,30
93568,11883136,-60.955437421664435,0.0001,64,32,5000,ula,30
93600,11887200,-56.3535715353865,0.0001,64,32,5000,ula,30
93632,11891264,-62.67773590898401,0.0001,64,32,5000,ula,30
93664,11895328,-62.2935857222224,0.0001,64,32,5000,ula,30
93696,11899392,-47.70123333509453,0.0001,64,32,5000,ula,30
93728,11903456,-61.08706657735458,0.0001,64,32,5000,ula,30
93760,11907520,-64.36010864396656,0.0001,64,32,5000,ula,30
93792,11911584,-67.56271782811119,0.0001,64,32,5000,ula,30
93824,11915648,-60.98838086361692,0.0001,64,32,5000,ula,30
93856,11919712,-61.867970095969945,0.0001,64,32,5000,ula,30
93888,11923776,-52.981664899483,0.0001,64,32,5000,ula,30
93920,11927840,-63.517176746298155,0.0001,64,32,5000,ula,30
93952,11931904,-58.25734477073985,0.0001,64,32,5000,ula,30
93984,11935968,-63.85951477402883,0.0001,64,32,5000,ula,30
94016,11940032,-67.0408802446381,0.0001,64,32,5000,ula,30
94048,11944096,-58.91326765009493,0.0001,64,32,5000,ula,30
94080,11948160,-63.61387650624981,0.0001,64,32,5000,ula,30
94112,11952224,-61.56392897262714,0.0001,64,32,5000,ula,30
94144,11956288,-60.10404149970543,0.0001,64,32,5000,ula,30
94176,11960352,-63.02255267264448,0.0001,64,32,5000,ula,30
94208,11964416,-69.93869063156265,0.0001,64,32,5000,ula,30
94240,11968480,-59.108441013713836,0.0001,64,32,5000,ula,30
94272,11972544,-61.153544715776135,0.0001,64,32,5000,ula,30
94304,11976608,-62.68152186472902,0.0001,64,32,5000,ula,30
94336,11980672,-64.53401674101133,0.0001,64,32,5000,ula,30
94368,11984736,-63.848283602178306,0.0001,64,32,5000,ula,30
94400,11988800,-65.9561825170513,0.0001,64,32,5000,ula,30
94432,11992864,-65.49735620527235,0.0001,64,32,5000,ula,30
94464,11996928,-66.23278790465402,0.0001,64,32,5000,ula,30
94496,12000992,-55.7404745013117,0.0001,64,32,5000,ula,30
94528,12005056,-66.24845121921116,0.0001,64,32,5000,ula,30
94560,12009120,-58.91691830255712,0.0001,64,32,5000,ula,30
94592,12013184,-63.542443892522996,0.0001,64,32,5000,ula,30
94624,12017248,-60.89435557168878,0.0001,64,32,5000,ula,30
94656,12021312,-64.33564448331418,0.0001,64,32,5000,ula,30
94688,12025376,-62.02557075774754,0.0001,64,32,5000,ula,30
94720,12029440,-65.40332317422522,0.0001,64,32,5000,ula,30
94752,12033504,-59.35188497527828,0.0001,64,32,5000,ula,30
94784,12037568,-57.773788428109135,0.0001,64,32,5000,ula,30
94816,12041632,-65.27710728260325,0.0001,64,32,5000,ula,30
94848,12045696,-64.95015182814362,0.0001,64,32,5000,ula,30
94880,12049760,-67.26454614108289,0.0001,64,32,5000,ula,30
94912,12053824,-65.39017817805622,0.0001,64,32,5000,ula,30
94944,12057888,-65.95288813613375,0.0001,64,32,5000,ula,30
94976,12061952,-63.85392891547423,0.0001,64,32,5000,ula,30
95008,12066016,-66.04792970018592,0.0001,64,32,5000,ula,30
95040,12070080,-64.88766041705492,0.0001,64,32,5000,ula,30
95072,12074144,-67.286842619453,0.0001,64,32,5000,ula,30
95104,12078208,-62.719574843858496,0.0001,64,32,5000,ula,30
95136,12082272,-55.768986329222955,0.0001,64,32,5000,ula,30
95168,12086336,-64.78092239767386,0.0001,64,32,5000,ula,30
95200,12090400,-65.49756212177834,0.0001,64,32,5000,ula,30
95232,12094464,-63.67131826105325,0.0001,64,32,5000,ula,30
95264,12098528,-64.52371921269288,0.0001,64,32,5000,ula,30
95296,12102592,-65.98007458621345,0.0001,64,32,5000,ula,30
95328,12106656,-63.351845588706645,0.0001,64,32,5000,ula,30
95360,12110720,-56.070544129584036,0.0001,64,32,5000,ula,30
95392,12114784,-56.003412970576335,0.0001,64,32,5000,ula,30
95424,12118848,-60.3630713059633,0.0001,64,32,5000,ula,30
95456,12122912,-58.939604929629056,0.0001,64,32,5000,ula,30
95488,12126976,-65.4431355576026,0.0001,64,32,5000,ula,30
95520,12131040,-64.08094947757468,0.0001,64,32,5000,ula,30
95552,12135104,-60.6099740464243,0.0001,64,32,5000,ula,30
95584,12139168,-61.40279851578386,0.0001,64,32,5000,ula,30
95616,12143232,-65.77792730672842,0.0001,64,32,5000,ula,30
95648,12147296,-63.177680544999724,0.0001,64,32,5000,ula,30
95680,12151360,-58.18714486211304,0.0001,64,32,5000,ula,30
95712,12155424,-57.97507901597441,0.0001,64,32,5000,ula,30
95744,12159488,-64.52976559865553,0.0001,64,32,5000,ula,30
95776,12163552,-56.39564706621481,0.0001,64,32,5000,ula,30
95808,12167616,-66.41997675970076,0.0001,64,32,5000,ula,30
95840,12171680,-64.11152824766795,0.0001,64,32,5000,ula,30
95872,12175744,-59.277707577310366,0.0001,64,32,5000,ula,30
95904,12179808,-62.053024898410136,0.0001,64,32,5000,ula,30
95936,12183872,-64.00781837594427,0.0001,64,32,5000,ula,30
95968,12187936,-63.07362222579316,0.0001,64,32,5000,ula,30
96000,12192000,-63.13473248573112,0.0001,64,32,5000,ula,30
96032,12196064,-65.06759254265906,0.0001,64,32,5000,ula,30
96064,12200128,-50.20086886008641,0.0001,64,32,5000,ula,30
96096,12204192,-61.67108106566949,0.0001,64,32,5000,ula,30
96128,12208256,-64.37436456605214,0.0001,64,32,5000,ula,30
96160,12212320,-65.47143128858978,0.0001,64,32,5000,ula,30
96192,12216384,-56.703981719517856,0.0001,64,32,5000,ula,30
96224,12220448,-66.1478380395433,0.0001,64,32,5000,ula,30
96256,12224512,-57.211509229949286,0.0001,64,32,5000,ula,30
96288,12228576,-62.13236494487902,0.0001,64,32,5000,ula,30
96320,12232640,-64.81980107747604,0.0001,64,32,5000,ula,30
96352,12236704,-65.6886223101302,0.0001,64,32,5000,ula,30
96384,12240768,-60.11809341163345,0.0001,64,32,5000,ula,30
96416,12244832,-57.365696209603506,0.0001,64,32,5000,ula,30
96448,12248896,-67.789186265238,0.0001,64,32,5000,ula,30
96480,12252960,-35.578114071039714,0.0001,64,32,5000,ula,30
96512,12257024,-61.45958931432508,0.0001,64,32,5000,ula,30
96544,12261088,-63.96905378724871,0.0001,64,32,5000,ula,30
96576,12265152,-56.74368124138263,0.0001,64,32,5000,ula,30
96608,12269216,-65.2668064038144,0.0001,64,32,5000,ula,30
96640,12273280,-65.06700589907845,0.0001,64,32,5000,ula,30
96672,12277344,-67.5302999987995,0.0001,64,32,5000,ula,30
96704,12281408,-61.863321138043865,0.0001,64,32,5000,ula,30
96736,12285472,-66.81224282047687,0.0001,64,32,5000,ula,30
96768,12289536,-64.0708197713374,0.0001,64,32,5000,ula,30
96800,12293600,-66.72844701165668,0.0001,64,32,5000,ula,30
96832,12297664,-65.70843440030845,0.0001,64,32,5000,ula,30
96864,12301728,-63.892853776232236,0.0001,64,32,5000,ula,30
96896,12305792,-56.88475381937671,0.0001,64,32,5000,ula,30
96928,12309856,-51.185105523598764,0.0001,64,32,5000,ula,30
96960,12313920,-60.40433093899059,0.0001,64,32,5000,ula,30
96992,12317984,-60.676579915443696,0.0001,64,32,5000,ula,30
97024,12322048,-61.02970549387231,0.0001,64,32,5000,ula,30
97056,12326112,-63.00096725568307,0.0001,64,32,5000,ula,30
97088,12330176,-65.46960356627669,0.0001,64,32,5000,ula,30
97120,12334240,-56.89080517050379,0.0001,64,32,5000,ula,30
97152,12338304,-66.1417586379433,0.0001,64,32,5000,ula,30
97184,12342368,-65.53187092997135,0.0001,64,32,5000,ula,30
97216,12346432,-65.3725296898277,0.0001,64,32,5000,ula,30
97248,12350496,-58.68460279306421,0.0001,64,32,5000,ula,30
97280,12354560,-50.10258126041853,0.0001,64,32,5000,ula,30
97312,12358624,-64.65753418728421,0.0001,64,32,5000,ula,30
97344,12362688,-59.3480008602036,0.0001,64,32,5000,ula,30
97376,12366752,-60.34712563994989,0.0001,64,32,5000,ula,30
97408,12370816,-64.53573168420144,0.0001,64,32,5000,ula,30
97440,12374880,-61.90529552491293,0.0001,64,32,5000,ula,30
97472,12378944,-65.52851641659758,0.0001,64,32,5000,ula,30
97504,12383008,-60.35008908329711,0.0001,64,32,5000,ula,30
97536,12387072,-66.89289494390906,0.0001,64,32,5000,ula,30
97568,12391136,-60.911159896092244,0.0001,64,32,5000,ula,30
97600,12395200,-66.12945163964943,0.0001,64,32,5000,ula,30
97632,12399264,-62.174239397012364,0.0001,64,32,5000,ula,30
97664,12403328,-67.19814921116333,0.0001,64,32,5000,ula,30
97696,12407392,-64.04644684935332,0.0001,64,32,5000,ula,30
97728,12411456,-60.0195961623697,0.0001,64,32,5000,ula,30
97760,12415520,-61.10758593590154,0.0001,64,32,5000,ula,30
97792,12419584,-61.10452969135414,0.0001,64,32,5000,ula,30
97824,12423648,-61.42358143006045,0.0001,64,32,5000,ula,30
97856,12427712,-57.164139051087226,0.0001,64,32,5000,ula,30
97888,12431776,-65.14130540235836,0.0001,64,32,5000,ula,30
97920,12435840,-61.40580296371228,0.0001,64,32,5000,ula,30
97952,12439904,-54.3023114510011,0.0001,64,32,5000,ula,30
97984,12443968,-63.580431672085474,0.0001,64,32,5000,ula,30
98016,12448032,-64.00200235212206,0.0001,64,32,5000,ula,30
98048,12452096,-62.960033514239605,0.0001,64,32,5000,ula,30
98080,12456160,-65.16134894177993,0.0001,64,32,5000,ula,30
98112,12460224,-64.46044793061125,0.0001,64,32,5000,ula,30
98144,12464288,-62.862474344959516,0.0001,64,32,5000,ula,30
98176,12468352,-67.07360110674053,0.0001,64,32,5000,ula,30
98208,12472416,-64.46005330294149,0.0001,64,32,5000,ula,30
98240,12476480,-66.11754288796888,0.0001,64,32,5000,ula,30
98272,12480544,-64.36214411174718,0.0001,64,32,5000,ula,30
98304,12484608,-66.33244103224844,0.0001,64,32,5000,ula,30
98336,12488672,-68.1349958315224,0.0001,64,32,5000,ula,30
98368,12492736,-53.757758354513,0.0001,64,32,5000,ula,30
98400,12496800,-64.61040510989504,0.0001,64,32,5000,ula,30
98432,12500864,-67.2687086392345,0.0001,64,32,5000,ula,30
98464,12504928,-62.750640018149845,0.0001,64,32,5000,ula,30
98496,12508992,-64.60072743575375,0.0001,64,32,5000,ula,30
98528,12513056,-60.51158929348424,0.0001,64,32,5000,ula,30
98560,12517120,-58.9643662630789,0.0001,64,32,5000,ula,30
98592,12521184,-62.28135545671975,0.0001,64,32,5000,ula,30
98624,12525248,-58.66198050111113,0.0001,64,32,5000,ula,30
98656,12529312,-61.43552294789643,0.0001,64,32,5000,ula,30
98688,12533376,-63.577304825163445,0.0001,64,32,5000,ula,30
98720,12537440,-65.56953448053751,0.0001,64,32,5000,ula,30
98752,12541504,-62.151892801289506,0.0001,64,32,5000,ula,30
98784,12545568,-63.617312061602014,0.0001,64,32,5000,ula,30
98816,12549632,-63.97757859603916,0.0001,64,32,5000,ula,30
98848,12553696,-62.00719611589837,0.0001,64,32,5000,ula,30
98880,12557760,-63.82041068691911,0.0001,64,32,5000,ula,30
98912,12561824,-66.99815799237143,0.0001,64,32,5000,ula,30
98944,12565888,-64.58329617829027,0.0001,64,32,5000,ula,30
98976,12569952,-65.90358376955749,0.0001,64,32,5000,ula,30
99008,12574016,-58.425098598716964,0.0001,64,32,5000,ula,30
99040,12578080,-55.69829741469075,0.0001,64,32,5000,ula,30
99072,12582144,-63.74040703724573,0.0001,64,32,5000,ula,30
99104,12586208,-63.53798789448569,0.0001,64,32,5000,ula,30
99136,12590272,-61.72438211325814,0.0001,64,32,5000,ula,30
99168,12594336,-63.45808539790034,0.0001,64,32,5000,ula,30
99200,12598400,-55.91924861059287,0.0001,64,32,5000,ula,30
99232,12602464,-62.98689361865495,0.0001,64,32,5000,ula,30
99264,12606528,-60.829724573241045,0.0001,64,32,5000,ula,30
99296,12610592,-63.780761667161,0.0001,64,32,5000,ula,30
99328,12614656,-67.63474244488864,0.0001,64,32,5000,ula,30
99360,12618720,-63.81922440632179,0.0001,64,32,5000,ula,30
99392,12622784,-56.34130092622916,0.0001,64,32,5000,ula,30
99424,12626848,-58.288673426519615,0.0001,64,32,5000,ula,30
99456,12630912,-64.554158847882,0.0001,64,32,5000,ula,30
99488,12634976,-65.01073998739791,0.0001,64,32,5000,ula,30
99520,12639040,-55.974664571169846,0.0001,64,32,5000,ula,30
99552,12643104,-63.635258992196874,0.0001,64,32,5000,ula,30
99584,12647168,-57.758577890811715,0.0001,64,32,5000,ula,30
99616,12651232,-57.20112065468733,0.0001,64,32,5000,ula,30
99648,12655296,-66.20576560193368,0.0001,64,32,5000,ula,30
99680,12659360,-58.79617007828977,0.0001,64,32,5000,ula,30
99712,12663424,-58.11373938707814,0.0001,64,32,5000,ula,30
99744,12667488,-63.938961413133676,0.0001,64,32,5000,ula,30
99776,12671552,-63.718012788031515,0.0001,64,32,5000,ula,30
99808,12675616,-55.87965843960942,0.0001,64,32,5000,ula,30
99840,12679680,-63.04883403767884,0.0001,64,32,5000,ula,30
99872,12683744,-61.72358761458076,0.0001,64,32,5000,ula,30
99904,12687808,-57.13624693501335,0.0001,64,32,5000,ula,30
99936,12691872,-64.15156556969707,0.0001,64,32,5000,ula,30
99968,12695936,-61.15799366509598,0.0001,64,32,5000,ula,30
100000,12700000,-62.461092635118234,0.0001,64,32,5000,ula,30
100032,12704064,-63.626541359178304,0.0001,64,32,5000,ula,30
100064,12708128,-64.55032420399716,0.0001,64,32,5000,ula,30
100096,12712192,-59.66059134507348,0.0001,64,32,5000,ula,30
100128,12716256,-59.2033722478594,0.0001,64,32,5000,ula,30
100160,12720320,-66.88459196276557,0.0001,64,32,5000,ula,30
100192,12724384,-64.82396842572557,0.0001,64,32,5000,ula,30
100224,12728448,-60.40891212280833,0.0001,64,32,5000,ula,30
100256,12732512,-64.86170483715433,0.0001,64,32,5000,ula,30
100288,12736576,-63.13010165918677,0.0001,64,32,5000,ula,30
100320,12740640,-58.21536418148903,0.0001,64,32,5000,ula,30
100352,12744704,-61.27960838105832,0.0001,64,32,5000,ula,30
100384,12748768,-64.13594604062652,0.0001,64,32,5000,ula,30
100416,12752832,-60.576133749849845,0.0001,64,32,5000,ula,30
100448,12756896,-63.22263564042814,0.0001,64,32,5000,ula,30
100480,12760960,-65.34637594231428,0.0001,64,32,5000,ula,30
100512,12765024,-59.72657058251123,0.0001,64,32,5000,ula,30
100544,12769088,-59.1526995862998,0.0001,64,32,5000,ula,30
100576,12773152,-65.81155472297856,0.0001,64,32,5000,ula,30
100608,12777216,-63.23203636884336,0.0001,64,32,5000,ula,30
100640,12781280,-66.28609849795723,0.0001,64,32,5000,ula,30
100672,12785344,-63.17969442495522,0.0001,64,32,5000,ula,30
100704,12789408,-64.0909447554178,0.0001,64,32,5000,ula,30
100736,12793472,-67.21635408275401,0.0001,64,32,5000,ula,30
100768,12797536,-63.61011776667762,0.0001,64,32,5000,ula,30
100800,12801600,-64.71483484878163,0.0001,64,32,5000,ula,30
100832,12805664,-60.77155554183901,0.0001,64,32,5000,ula,30
100864,12809728,-61.74046997131734,0.0001,64,32,5000,ula,30
100896,12813792,-58.602309742843495,0.0001,64,32,5000,ula,30
100928,12817856,-64.6562230087548,0.0001,64,32,5000,ula,30
100960,12821920,-65.6307478041435,0.0001,64,32,5000,ula,30
100992,12825984,-56.689252201258945,0.0001,64,32,5000,ula,30
101024,12830048,-65.82170920863327,0.0001,64,32,5000,ula,30
101056,12834112,-57.613919569794945,0.0001,64,32,5000,ula,30
101088,12838176,-62.89527115297636,0.0001,64,32,5000,ula,30
101120,12842240,-67.37387541409198,0.0001,64,32,5000,ula,30
101152,12846304,-63.28788990026574,0.0001,64,32,5000,ula,30
101184,12850368,-64.69352436276155,0.0001,64,32,5000,ula,30
101216,12854432,-61.76822828300775,0.0001,64,32,5000,ula,30
101248,12858496,-66.10282529830238,0.0001,64,32,5000,ula,30
101280,12862560,-62.231653213697136,0.0001,64,32,5000,ula,30
101312,12866624,-63.91754904416295,0.0001,64,32,5000,ula,30
101344,12870688,-64.3199204004633,0.0001,64,32,5000,ula,30
101376,12874752,-61.30950067885158,0.0001,64,32,5000,ula,30
101408,12878816,-62.16127529754565,0.0001,64,32,5000,ula,30
101440,12882880,-59.513109015483344,0.0001,64,32,5000,ula,30
101472,12886944,-63.16164690396889,0.0001,64,32,5000,ula,30
101504,12891008,-66.60019529298303,0.0001,64,32,5000,ula,30
101536,12895072,-55.45964425641955,0.0001,64,32,5000,ula,30
101568,12899136,-62.17633434060128,0.0001,64,32,5000,ula,30
101600,12903200,-59.148203906099575,0.0001,64,32,5000,ula,30
101632,12907264,-62.34874629996069,0.0001,64,32,5000,ula,30
101664,12911328,-60.50704540452306,0.0001,64,32,5000,ula,30
101696,12915392,-65.02982909371809,0.0001,64,32,5000,ula,30
101728,12919456,-60.28223705462603,0.0001,64,32,5000,ula,30
101760,12923520,-64.61973945197984,0.0001,64,32,5000,ula,30
101792,12927584,-61.20870449017677,0.0001,64,32,5000,ula,30
101824,12931648,-61.970578853183724,0.0001,64,32,5000,ula,30
101856,12935712,-65.5459590195539,0.0001,64,32,5000,ula,30
101888,12939776,-55.747823692114466,0.0001,64,32,5000,ula,30
101920,12943840,-58.247926555346645,0.0001,64,32,5000,ula,30
101952,12947904,-66.11243408472768,0.0001,64,32,5000,ula,30
101984,12951968,-62.60851456904215,0.0001,64,32,5000,ula,30
102016,12956032,-65.88885084510633,0.0001,64,32,5000,ula,30
102048,12960096,-56.28998537568698,0.0001,64,32,5000,ula,30
102080,12964160,-65.10781386055616,0.0001,64,32,5000,ula,30
102112,12968224,-64.76948839653477,0.0001,64,32,5000,ula,30
102144,12972288,-65.07607238847615,0.0001,64,32,5000,ula,30
102176,12976352,-68.81585534307709,0.0001,64,32,5000,ula,30
102208,12980416,-61.405234665245665,0.0001,64,32,5000,ula,30
102240,12984480,-63.934297890056776,0.0001,64,32,5000,ula,30
102272,12988544,-61.79425266577733,0.0001,64,32,5000,ula,30
102304,12992608,-64.39276681455586,0.0001,64,32,5000,ula,30
102336,12996672,-60.53394216401217,0.0001,64,32,5000,ula,30
102368,13000736,-65.70649476121572,0.0001,64,32,5000,ula,30
102400,13004800,-67.1812314394996,0.0001,64,32,5000,ula,30
102432,13008864,-64.05676617640196,0.0001,64,32,5000,ula,30
102464,13012928,-65.78078685037327,0.0001,64,32,5000,ula,30
102496,13016992,-60.6755178996815,0.0001,64,32,5000,ula,30
102528,13021056,-63.31114341636098,0.0001,64,32,5000,ula,30
102560,13025120,-57.617346133851356,0.0001,64,32,5000,ula,30
102592,13029184,-61.062808278863905,0.0001,64,32,5000,ula,30
102624,13033248,-61.86585893142964,0.0001,64,32,5000,ula,30
102656,13037312,-35.03300124976346,0.0001,64,32,5000,ula,30
102688,13041376,-66.61913546466396,0.0001,64,32,5000,ula,30
102720,13045440,-55.998740986469876,0.0001,64,32,5000,ula,30
102752,13049504,-66.05158874392752,0.0001,64,32,5000,ula,30
102784,13053568,-62.89219748465239,0.0001,64,32,5000,ula,30
102816,13057632,-60.24644368001248,0.0001,64,32,5000,ula,30
102848,13061696,-62.729230076186695,0.0001,64,32,5000,ula,30
102880,13065760,-59.86031559036643,0.0001,64,32,5000,ula,30
102912,13069824,-67.2905765338153,0.0001,64,32,5000,ula,30
102944,13073888,-61.01274416561546,0.0001,64,32,5000,ula,30
102976,13077952,-63.21778931697991,0.0001,64,32,5000,ula,30
103008,13082016,-64.30047421831095,0.0001,64,32,5000,ula,30
103040,13086080,-60.18435055538254,0.0001,64,32,5000,ula,30
103072,13090144,-65.2907654779755,0.0001,64,32,5000,ula,30
103104,13094208,-58.66745164139039,0.0001,64,32,5000,ula,30
103136,13098272,-63.27711031023144,0.0001,64,32,5000,ula,30
103168,13102336,-57.904882536159974,0.0001,64,32,5000,ula,30
103200,13106400,-59.450548816241266,0.0001,64,32,5000,ula,30
103232,13110464,-65.0479110455802,0.0001,64,32,5000,ula,30
103264,13114528,-64.28754977965882,0.0001,64,32,5000,ula,30
103296,13118592,-65.76727696061187,0.0001,64,32,5000,ula,30
103328,13122656,-60.531497159443916,0.0001,64,32,5000,ula,30
103360,13126720,-60.24373584520009,0.0001,64,32,5000,ula,30
103392,13130784,-63.61231690608843,0.0001,64,32,5000,ula,30
103424,13134848,-61.55645965528528,0.0001,64,32,5000,ula,30
103456,13138912,-63.62879869630298,0.0001,64,32,5000,ula,30
103488,13142976,-63.16411736751204,0.0001,64,32,5000,ula,30
103520,13147040,-63.454550040039756,0.0001,64,32,5000,ula,30
103552,13151104,-61.639184835751365,0.0001,64,32,5000,ula,30
103584,13155168,-64.39789700913647,0.0001,64,32,5000,ula,30
103616,13159232,-64.32496693007386,0.0001,64,32,5000,ula,30
103648,13163296,-64.87481022003894,0.0001,64,32,5000,ula,30
103680,13167360,-59.145290387612164,0.0001,64,32,5000,ula,30
103712,13171424,-60.64796754551368,0.0001,64,32,5000,ula,30
103744,13175488,-61.74988543745161,0.0001,64,32,5000,ula,30
103776,13179552,-64.27294237456843,0.0001,64,32,5000,ula,30
103808,13183616,-60.77888089430979,0.0001,64,32,5000,ula,30
103840,13187680,-58.410189392507775,0.0001,64,32,5000,ula,30
103872,13191744,-64.23448188030875,0.0001,64,32,5000,ula,30
103904,13195808,-62.62829803103991,0.0001,64,32,5000,ula,30
103936,13199872,-62.42265218436884,0.0001,64,32,5000,ula,30
103968,13203936,-64.2048682791144,0.0001,64,32,5000,ula,30
104000,13208000,-60.47902943422075,0.0001,64,32,5000,ula,30
104032,13212064,-63.92608082569485,0.0001,64,32,5000,ula,30
104064,13216128,-60.24744272746145,0.0001,64,32,5000,ula,30
104096,13220192,-62.136759860820085,0.0001,64,32,5000,ula,30
104128,13224256,-51.486009033281846,0.0001,64,32,5000,ula,30
104160,13228320,-65.40353715570146,0.0001,64,32,5000,ula,30
104192,13232384,-58.87884169119974,0.0001,64,32,5000,ula,30
104224,13236448,-64.2663286928551,0.0001,64,32,5000,ula,30
104256,13240512,-60.87672124858844,0.0001,64,32,5000,ula,30
104288,13244576,-58.465699365166465,0.0001,64,32,5000,ula,30
104320,13248640,-63.56782158339637,0.0001,64,32,5000,ula,30
104352,13252704,-60.60710939493977,0.0001,64,32,5000,ula,30
104384,13256768,-66.07686035757975,0.0001,64,32,5000,ula,30
104416,13260832,-57.205075670953754,0.0001,64,32,5000,ula,30
104448,13264896,-61.51015350560245,0.0001,64,32,5000,ula,30
104480,13268960,-57.55900889758872,0.0001,64,32,5000,ula,30
104512,13273024,-63.63329856971425,0.0001,64,32,5000,ula,30
104544,13277088,-60.07675875529568,0.0001,64,32,5000,ula,30
104576,13281152,-64.22176818352044,0.0001,64,32,5000,ula,30
104608,13285216,-61.67319366558142,0.0001,64,32,5000,ula,30
104640,13289280,-60.2684778735754,0.0001,64,32,5000,ula,30
104672,13293344,-61.83391081276017,0.0001,64,32,5000,ula,30
104704,13297408,-44.97314809160689,0.0001,64,32,5000,ula,30
104736,13301472,-64.71759248226431,0.0001,64,32,5000,ula,30
104768,13305536,-66.52141286357855,0.0001,64,32,5000,ula,30
104800,13309600,-61.288130194914956,0.0001,64,32,5000,ula,30
104832,13313664,-64.12470062098026,0.0001,64,32,5000,ula,30
104864,13317728,-58.2108885166924,0.0001,64,32,5000,ula,30
104896,13321792,-62.738947530299804,0.0001,64,32,5000,ula,30
104928,13325856,-64.20868304237102,0.0001,64,32,5000,ula,30
104960,13329920,-57.746978072756896,0.0001,64,32,5000,ula,30
104992,13333984,-66.78812972299615,0.0001,64,32,5000,ula,30
105024,13338048,-64.41862524320558,0.0001,64,32,5000,ula,30
105056,13342112,-62.5364124974422,0.0001,64,32,5000,ula,30
105088,13346176,-59.084497168247104,0.0001,64,32,5000,ula,30
105120,13350240,-64.25351253699326,0.0001,64,32,5000,ula,30
105152,13354304,-64.7772192357623,0.0001,64,32,5000,ula,30
105184,13358368,-62.8711532935333,0.0001,64,32,5000,ula,30
105216,13362432,-58.59905012531485,0.0001,64,32,5000,ula,30
105248,13366496,-63.51888310838303,0.0001,64,32,5000,ula,30
105280,13370560,-51.82401504392394,0.0001,64,32,5000,ula,30
105312,13374624,-57.77658364496115,0.0001,64,32,5000,ula,30
105344,13378688,-65.55858124555088,0.0001,64,32,5000,ula,30
105376,13382752,-61.14354083499578,0.0001,64,32,5000,ula,30
105408,13386816,-67.06787566687285,0.0001,64,32,5000,ula,30
105440,13390880,-57.39013944286354,0.0001,64,32,5000,ula,30
105472,13394944,-62.63538172743535,0.0001,64,32,5000,ula,30
105504,13399008,-65.60250995806953,0.0001,64,32,5000,ula,30
105536,13403072,-65.78773439482624,0.0001,64,32,5000,ula,30
105568,13407136,-61.097728375175016,0.0001,64,32,5000,ula,30
105600,13411200,-64.34928278970689,0.0001,64,32,5000,ula,30
105632,13415264,-57.920316487660166,0.0001,64,32,5000,ula,30
105664,13419328,-65.02101745713244,0.0001,64,32,5000,ula,30
105696,13423392,-59.48953760128617,0.0001,64,32,5000,ula,30
105728,13427456,-62.884900028830785,0.0001,64,32,5000,ula,30
105760,13431520,-63.69997971497184,0.0001,64,32,5000,ula,30
105792,13435584,-67.11391195331039,0.0001,64,32,5000,ula,30
105824,13439648,-64.86923307990271,0.0001,64,32,5000,ula,30
105856,13443712,-65.65636806589447,0.0001,64,32,5000,ula,30
105888,13447776,-61.25812225946791,0.0001,64,32,5000,ula,30
105920,13451840,-61.26517751802591,0.0001,64,32,5000,ula,30
105952,13455904,-57.098510630355925,0.0001,64,32,5000,ula,30
105984,13459968,-65.79306815830024,0.0001,64,32,5000,ula,30
106016,13464032,-56.861920836168174,0.0001,64,32,5000,ula,30
106048,13468096,-64.30775339623962,0.0001,64,32,5000,ula,30
106080,13472160,-63.33935689374548,0.0001,64,32,5000,ula,30
106112,13476224,-58.37513946310765,0.0001,64,32,5000,ula,30
106144,13480288,-60.36761960019609,0.0001,64,32,5000,ula,30
106176,13484352,-63.12155824386415,0.0001,64,32,5000,ula,30
106208,13488416,-54.62876281577949,0.0001,64,32,5000,ula,30
106240,13492480,-63.38635811983342,0.0001,64,32,5000,ula,30
106272,13496544,-63.318720828977845,0.0001,64,32,5000,ula,30
106304,13500608,-62.044077982798434,0.0001,64,32,5000,ula,30
106336,13504672,-62.193392526350834,0.0001,64,32,5000,ula,30
106368,13508736,-65.67787620040336,0.0001,64,32,5000,ula,30
106400,13512800,-59.15206793990339,0.0001,64,32,5000,ula,30
106432,13516864,-63.817791059347286,0.0001,64,32,5000,ula,30
106464,13520928,-61.425791738972634,0.0001,64,32,5000,ula,30
106496,13524992,-63.89542712826598,0.0001,64,32,5000,ula,30
106528,13529056,-61.29313410113867,0.0001,64,32,5000,ula,30
106560,13533120,-60.600756663708935,0.0001,64,32,5000,ula,30
106592,13537184,-61.58049506246027,0.0001,64,32,5000,ula,30
106624,13541248,-64.0168065646659,0.0001,64,32,5000,ula,30
106656,13545312,-62.981550055623494,0.0001,64,32,5000,ula,30
106688,13549376,-58.855887156013885,0.0001,64,32,5000,ula,30
106720,13553440,-62.98043608501586,0.0001,64,32,5000,ula,30
106752,13557504,-61.48228953907388,0.0001,64,32,5000,ula,30
106784,13561568,-60.1290377940835,0.0001,64,32,5000,ula,30
106816,13565632,-62.01936000190457,0.0001,64,32,5000,ula,30
106848,13569696,-64.48154685147958,0.0001,64,32,5000,ula,30
106880,13573760,-59.152329967821565,0.0001,64,32,5000,ula,30
106912,13577824,-61.016497928156426,0.0001,64,32,5000,ula,30
106944,13581888,-63.07787923274868,0.0001,64,32,5000,ula,30
106976,13585952,-61.74257519308925,0.0001,64,32,5000,ula,30
107008,13590016,-62.131926036102826,0.0001,64,32,5000,ula,30
107040,13594080,-58.10531593886495,0.0001,64,32,5000,ula,30
107072,13598144,-63.14625057790528,0.0001,64,32,5000,ula,30
107104,13602208,-64.90496667940558,0.0001,64,32,5000,ula,30
107136,13606272,-62.83849630198495,0.0001,64,32,5000,ula,30
107168,13610336,-63.707344904788535,0.0001,64,32,5000,ula,30
107200,13614400,-66.2080370983127,0.0001,64,32,5000,ula,30
107232,13618464,-63.594132758964356,0.0001,64,32,5000,ula,30
107264,13622528,-54.82017062579317,0.0001,64,32,5000,ula,30
107296,13626592,-62.354066865810864,0.0001,64,32,5000,ula,30
107328,13630656,-57.49810698517919,0.0001,64,32,5000,ula,30
107360,13634720,-63.059876383847275,0.0001,64,32,5000,ula,30
107392,13638784,-61.029689764736666,0.0001,64,32,5000,ula,30
107424,13642848,-57.96534511859523,0.0001,64,32,5000,ula,30
107456,13646912,-57.92757402337855,0.0001,64,32,5000,ula,30
107488,13650976,-64.75634809561039,0.0001,64,32,5000,ula,30
107520,13655040,-61.317113867511225,0.0001,64,32,5000,ula,30
107552,13659104,-64.71129867598837,0.0001,64,32,5000,ula,30
107584,13663168,-57.22906463022899,0.0001,64,32,5000,ula,30
107616,13667232,-65.40288329763678,0.0001,64,32,5000,ula,30
107648,13671296,-58.60269766910408,0.0001,64,32,5000,ula,30
107680,13675360,-61.80399497968976,0.0001,64,32,5000,ula,30
107712,13679424,-63.05163421561488,0.0001,64,32,5000,ula,30
107744,13683488,-64.54430590077028,0.0001,64,32,5000,ula,30
107776,13687552,-60.19013376216383,0.0001,64,32,5000,ula,30
107808,13691616,-65.61067962445657,0.0001,64,32,5000,ula,30
107840,13695680,-61.18907546738977,0.0001,64,32,5000,ula,30
107872,13699744,-65.0361546755036,0.0001,64,32,5000,ula,30
107904,13703808,-64.96639433695695,0.0001,64,32,5000,ula,30
107936,13707872,-58.37387891201277,0.0001,64,32,5000,ula,30
107968,13711936,-60.70113029294298,0.0001,64,32,5000,ula,30
108000,13716000,-62.682854792461924,0.0001,64,32,5000,ula,30
108032,13720064,-60.41821754503828,0.0001,64,32,5000,ula,30
108064,13724128,-61.13432238126355,0.0001,64,32,5000,ula,30
108096,13728192,-66.49717495480161,0.0001,64,32,5000,ula,30
108128,13732256,-65.51302963295562,0.0001,64,32,5000,ula,30
108160,13736320,-62.37648175327711,0.0001,64,32,5000,ula,30
108192,13740384,-55.88214390868932,0.0001,64,32,5000,ula,30
108224,13744448,-54.74941901897585,0.0001,64,32,5000,ula,30
108256,13748512,-55.394807467979795,0.0001,64,32,5000,ula,30
108288,13752576,-64.16187765292234,0.0001,64,32,5000,ula,30
108320,13756640,-64.4714351545889,0.0001,64,32,5000,ula,30
108352,13760704,-63.721334333388874,0.0001,64,32,5000,ula,30
108384,13764768,-62.409352952069874,0.0001,64,32,5000,ula,30
108416,13768832,-58.46459664389601,0.0001,64,32,5000,ula,30
108448,13772896,-63.10706791402874,0.0001,64,32,5000,ula,30
108480,13776960,-64.63961357150828,0.0001,64,32,5000,ula,30
108512,13781024,-64.48457235022929,0.0001,64,32,5000,ula,30
108544,13785088,-64.45635608035747,0.0001,64,32,5000,ula,30
108576,13789152,-64.3264635010563,0.0001,64,32,5000,ula,30
108608,13793216,-57.2093522521787,0.0001,64,32,5000,ula,30
108640,13797280,-61.087561892065004,0.0001,64,32,5000,ula,30
108672,13801344,-64.57255225761581,0.0001,64,32,5000,ula,30
108704,13805408,-57.92511357375038,0.0001,64,32,5000,ula,30
108736,13809472,-65.08367169201478,0.0001,64,32,5000,ula,30
108768,13813536,-60.43480002669805,0.0001,64,32,5000,ula,30
108800,13817600,-61.8096604289551,0.0001,64,32,5000,ula,30
108832,13821664,-60.665024371484726,0.0001,64,32,5000,ula,30
108864,13825728,-61.73570547650913,0.0001,64,32,5000,ula,30
108896,13829792,-62.58701803972722,0.0001,64,32,5000,ula,30
108928,13833856,-64.58866894373139,0.0001,64,32,5000,ula,30
108960,13837920,-51.96179563755662,0.0001,64,32,5000,ula,30
108992,13841984,-42.14911525425883,0.0001,64,32,5000,ula,30
109024,13846048,-59.14807635304609,0.0001,64,32,5000,ula,30
109056,13850112,-62.277896842933195,0.0001,64,32,5000,ula,30
109088,13854176,-62.895531142303206,0.0001,64,32,5000,ula,30
109120,13858240,-60.69714996395017,0.0001,64,32,5000,ula,30
109152,13862304,-65.85464325743666,0.0001,64,32,5000,ula,30
109184,13866368,-58.294382441999055,0.0001,64,32,5000,ula,30
109216,13870432,-61.565775245618326,0.0001,64,32,5000,ula,30
109248,13874496,-60.20461724998003,0.0001,64,32,5000,ula,30
109280,13878560,-66.55195616338523,0.0001,64,32,5000,ula,30
109312,13882624,-62.097149012882326,0.0001,64,32,5000,ula,30
109344,13886688,-62.31949534564172,0.0001,64,32,5000,ula,30
109376,13890752,-65.35843678288927,0.0001,64,32,5000,ula,30
109408,13894816,-56.81396719838503,0.0001,64,32,5000,ula,30
109440,13898880,-62.80169706215029,0.0001,64,32,5000,ula,30
109472,13902944,-57.48152308205488,0.0001,64,32,5000,ula,30
109504,13907008,-65.24008219343037,0.0001,64,32,5000,ula,30
109536,13911072,-63.728472330850764,0.0001,64,32,5000,ula,30
109568,13915136,-56.3830721778196,0.0001,64,32,5000,ula,30
109600,13919200,-62.112001278851345,0.0001,64,32,5000,ula,30
109632,13923264,-66.24186299736034,0.0001,64,32,5000,ula,30
109664,13927328,-58.47266248875975,0.0001,64,32,5000,ula,30
109696,13931392,-65.58382066267708,0.0001,64,32,5000,ula,30
109728,13935456,-60.909680715656165,0.0001,64,32,5000,ula,30
109760,13939520,-59.32241692333614,0.0001,64,32,5000,ula,30
109792,13943584,-62.265859455516335,0.0001,64,32,5000,ula,30
109824,13947648,-61.40667078356105,0.0001,64,32,5000,ula,30
109856,13951712,-64.88159355962132,0.0001,64,32,5000,ula,30
109888,13955776,-55.369934890198216,0.0001,64,32,5000,ula,30
109920,13959840,-60.780454893009534,0.0001,64,32,5000,ula,30
109952,13963904,-59.79866383005688,0.0001,64,32,5000,ula,30
109984,13967968,-57.098183662999915,0.0001,64,32,5000,ula,30
110016,13972032,-58.063445322153086,0.0001,64,32,5000,ula,30
110048,13976096,-61.699043892134426,0.0001,64,32,5000,ula,30
110080,13980160,-65.64793246519694,0.0001,64,32,5000,ula,30
110112,13984224,-54.36942281085778,0.0001,64,32,5000,ula,30
110144,13988288,-62.717402291056715,0.0001,64,32,5000,ula,30
110176,13992352,-66.69441930767543,0.0001,64,32,5000,ula,30
110208,13996416,-59.98627329760873,0.0001,64,32,5000,ula,30
110240,14000480,-63.2064304738545,0.0001,64,32,5000,ula,30
110272,14004544,-60.89312647318374,0.0001,64,32,5000,ula,30
110304,14008608,-64.24001331687458,0.0001,64,32,5000,ula,30
110336,14012672,-63.323055652047486,0.0001,64,32,5000,ula,30
110368,14016736,-63.8041497613665,0.0001,64,32,5000,ula,30
110400,14020800,-57.40017888815763,0.0001,64,32,5000,ula,30
110432,14024864,-60.119578088499296,0.0001,64,32,5000,ula,30
110464,14028928,-65.46940315273115,0.0001,64,32,5000,ula,30
110496,14032992,-58.77495124673129,0.0001,64,32,5000,ula,30
110528,14037056,-60.82397933809678,0.0001,64,32,5000,ula,30
110560,14041120,-62.39136862889815,0.0001,64,32,5000,ula,30
110592,14045184,-63.521627615261345,0.0001,64,32,5000,ula,30
110624,14049248,-64.42879683436205,0.0001,64,32,5000,ula,30
110656,14053312,-59.46468556878555,0.0001,64,32,5000,ula,30
110688,14057376,-63.21160844837632,0.0001,64,32,5000,ula,30
110720,14061440,-60.950445784354244,0.0001,64,32,5000,ula,30
110752,14065504,-64.84262356074152,0.0001,64,32,5000,ula,30
110784,14069568,-59.64827516374953,0.0001,64,32,5000,ula,30
110816,14073632,-60.74379174318003,0.0001,64,32,5000,ula,30
110848,14077696,-56.59883919412045,0.0001,64,32,5000,ula,30
110880,14081760,-64.27604992885728,0.0001,64,32,5000,ula,30
110912,14085824,-63.810538786742185,0.0001,64,32,5000,ula,30
110944,14089888,-55.45895371378834,0.0001,64,32,5000,ula,30
110976,14093952,-60.47960182474056,0.0001,64,32,5000,ula,30
111008,14098016,-57.43646857161192,0.0001,64,32,5000,ula,30
111040,14102080,-65.79384505101994,0.0001,64,32,5000,ula,30
111072,14106144,-60.82130831440392,0.0001,64,32,5000,ula,30
111104,14110208,-54.81431586541327,0.0001,64,32,5000,ula,30
111136,14114272,-58.965347538251024,0.0001,64,32,5000,ula,30
111168,14118336,-63.1836228074212,0.0001,64,32,5000,ula,30
111200,14122400,-56.848263523218286,0.0001,64,32,5000,ula,30
111232,14126464,-63.742547873057966,0.0001,64,32,5000,ula,30
111264,14130528,-47.690809068103825,0.0001,64,32,5000,ula,30
111296,14134592,-63.85479475007115,0.0001,64,32,5000,ula,30
111328,14138656,-64.34103990265842,0.0001,64,32,5000,ula,30
111360,14142720,-57.369975704964276,0.0001,64,32,5000,ula,30
111392,14146784,-63.79941673456862,0.0001,64,32,5000,ula,30
111424,14150848,-58.74642308949642,0.0001,64,32,5000,ula,30
111456,14154912,-59.960986218639526,0.0001,64,32,5000,ula,30
111488,14158976,-61.687586271413124,0.0001,64,32,5000,ula,30
111520,14163040,-62.40541907551191,0.0001,64,32,5000,ula,30
111552,14167104,-57.85099229294741,0.0001,64,32,5000,ula,30
111584,14171168,-63.79635785847548,0.0001,64,32,5000,ula,30
111616,14175232,-64.18588891647664,0.0001,64,32,5000,ula,30
111648,14179296,-56.37789639949971,0.0001,64,32,5000,ula,30
111680,14183360,-62.258835898967405,0.0001,64,32,5000,ula,30
111712,14187424,-61.4036124787798,0.0001,64,32,5000,ula,30
111744,14191488,-61.70357965652348,0.0001,64,32,5000,ula,30
111776,14195552,-60.77175855500383,0.0001,64,32,5000,ula,30
111808,14199616,-61.39815811870893,0.0001,64,32,5000,ula,30
111840,14203680,-65.6096090025307,0.0001,64,32,5000,ula,30
111872,14207744,-60.37628218771839,0.0001,64,32,5000,ula,30
111904,14211808,-60.522974420053124,0.0001,64,32,5000,ula,30
111936,14215872,-59.46847089957344,0.0001,64,32,5000,ula,30
111968,14219936,-61.23214046182098,0.0001,64,32,5000,ula,30
112000,14224000,-60.70436130318072,0.0001,64,32,5000,ula,30
112032,14228064,-59.87555484274259,0.0001,64,32,5000,ula,30
112064,14232128,-59.39077152214596,0.0001,64,32,5000,ula,30
112096,14236192,-60.91721795647237,0.0001,64,32,5000,ula,30
112128,14240256,-63.76741782523681,0.0001,64,32,5000,ula,30
112160,14244320,-61.4591701249093,0.0001,64,32,5000,ula,30
112192,14248384,-58.72913142141056,0.0001,64,32,5000,ula,30
112224,14252448,-62.41378095287904,0.0001,64,32,5000,ula,30
112256,14256512,-59.54387966814859,0.0001,64,32,5000,ula,30
112288,14260576,-61.299275654749714,0.0001,64,32,5000,ula,30
112320,14264640,-62.9758294804554,0.0001,64,32,5000,ula,30
112352,14268704,-59.47769278378054,0.0001,64,32,5000,ula,30
112384,14272768,-61.4124779255645,0.0001,64,32,5000,ula,30
112416,14276832,-57.84435293989706,0.0001,64,32,5000,ula,30
112448,14280896,-65.56698367798445,0.0001,64,32,5000,ula,30
112480,14284960,-47.19656446369234,0.0001,64,32,5000,ula,30
112512,14289024,-58.78007604676893,0.0001,64,32,5000,ula,30
112544,14293088,-66.30699202931241,0.0001,64,32,5000,ula,30
112576,14297152,-62.97828471615605,0.0001,64,32,5000,ula,30
112608,14301216,-60.98479807013695,0.0001,64,32,5000,ula,30
112640,14305280,-61.21342341368443,0.0001,64,32,5000,ula,30
112672,14309344,-62.7403316468168,0.0001,64,32,5000,ula,30
112704,14313408,-64.57078123380761,0.0001,64,32,5000,ula,30
112736,14317472,-61.58887299517915,0.0001,64,32,5000,ula,30
112768,14321536,-63.641148918240184,0.0001,64,32,5000,ula,30
112800,14325600,-56.88118181591235,0.0001,64,32,5000,ula,30
112832,14329664,-60.511147179072765,0.0001,64,32,5000,ula,30
112864,14333728,-64.92070893054112,0.0001,64,32,5000,ula,30
112896,14337792,-56.99616482671822,0.0001,64,32,5000,ula,30
112928,14341856,-61.08379296897258,0.0001,64,32,5000,ula,30
112960,14345920,-59.27285687020551,0.0001,64,32,5000,ula,30
112992,14349984,-65.98338184943887,0.0001,64,32,5000,ula,30
113024,14354048,-58.27973207278724,0.0001,64,32,5000,ula,30
113056,14358112,-61.80318833102939,0.0001,64,32,5000,ula,30
113088,14362176,-63.38991512037806,0.0001,64,32,5000,ula,30
113120,14366240,-59.01622836662606,0.0001,64,32,5000,ula,30
113152,14370304,-61.68141762879486,0.0001,64,32,5000,ula,30
113184,14374368,-61.303566668631134,0.0001,64,32,5000,ula,30
113216,14378432,-64.22260488077379,0.0001,64,32,5000,ula,30
113248,14382496,-58.30213510266426,0.0001,64,32,5000,ula,30
113280,14386560,-61.677705444237425,0.0001,64,32,5000,ula,30
113312,14390624,-60.183242182038654,0.0001,64,32,5000,ula,30
113344,14394688,-63.54168960630209,0.0001,64,32,5000,ula,30
113376,14398752,-62.8162988530799,0.0001,64,32,5000,ula,30
113408,14402816,-56.72299243867862,0.0001,64,32,5000,ula,30
113440,14406880,-57.635048527377506,0.0001,64,32,5000,ula,30
113472,14410944,-52.303849866400576,0.0001,64,32,5000,ula,30
113504,14415008,-61.27573400854784,0.0001,64,32,5000,ula,30
113536,14419072,-63.175779401280295,0.0001,64,32,5000,ula,30
113568,14423136,-65.07664714075214,0.0001,64,32,5000,ula,30
113600,14427200,-57.11753171562006,0.0001,64,32,5000,ula,30
113632,14431264,-58.77850079438606,0.0001,64,32,5000,ula,30
113664,14435328,-64.39731963288351,0.0001,64,32,5000,ula,30
113696,14439392,-60.836050263307705,0.0001,64,32,5000,ula,30
113728,14443456,-58.653831643536876,0.0001,64,32,5000,ula,30
113760,14447520,-58.005512340793096,0.0001,64,32,5000,ula,30
113792,14451584,-65.13464845872262,0.0001,64,32,5000,ula,30
113824,14455648,-61.253716535999914,0.0001,64,32,5000,ula,30
113856,14459712,-62.45980126136614,0.0001,64,32,5000,ula,30
113888,14463776,-64.65050201269464,0.0001,64,32,5000,ula,30
113920,14467840,-64.35485318995366,0.0001,64,32,5000,ula,30
113952,14471904,-62.77210135572732,0.0001,64,32,5000,ula,30
113984,14475968,-64.7781973154868,0.0001,64,32,5000,ula,30
114016,14480032,-61.07207097672199,0.0001,64,32,5000,ula,30
114048,14484096,-63.39318462053159,0.0001,64,32,5000,ula,30
114080,14488160,-63.9745055598124,0.0001,64,32,5000,ula,30
114112,14492224,-66.54539456706995,0.0001,64,32,5000,ula,30
114144,14496288,-60.64957413428527,0.0001,64,32,5000,ula,30
114176,14500352,-65.46212940063741,0.0001,64,32,5000,ula,30
114208,14504416,-60.460907811087736,0.0001,64,32,5000,ula,30
114240,14508480,-62.96825100712411,0.0001,64,32,5000,ula,30
114272,14512544,-57.79083366889954,0.0001,64,32,5000,ula,30
114304,14516608,-63.064853037315316,0.0001,64,32,5000,ula,30
114336,14520672,-62.74961230280782,0.0001,64,32,5000,ula,30
114368,14524736,-62.13296536300866,0.0001,64,32,5000,ula,30
114400,14528800,-65.39666093161998,0.0001,64,32,5000,ula,30
114432,14532864,-62.059130224468,0.0001,64,32,5000,ula,30
114464,14536928,-62.351890565234655,0.0001,64,32,5000,ula,30
114496,14540992,-64.37121049420534,0.0001,64,32,5000,ula,30
114528,14545056,-55.31251344259517,0.0001,64,32,5000,ula,30
114560,14549120,-59.65897214496982,0.0001,64,32,5000,ula,30
114592,14553184,-62.90384543970898,0.0001,64,32,5000,ula,30
114624,14557248,-58.4741565490452,0.0001,64,32,5000,ula,30
114656,14561312,-62.89490346895119,0.0001,64,32,5000,ula,30
114688,14565376,-63.22561578617929,0.0001,64,32,5000,ula,30
114720,14569440,-62.62849296407692,0.0001,64,32,5000,ula,30
114752,14573504,-61.64236399051459,0.0001,64,32,5000,ula,30
114784,14577568,-66.65579569775107,0.0001,64,32,5000,ula,30
114816,14581632,-63.31113412659013,0.0001,64,32,5000,ula,30
114848,14585696,-56.843764033089585,0.0001,64,32,5000,ula,30
114880,14589760,-62.028427351914004,0.0001,64,32,5000,ula,30
114912,14593824,-61.22844896373945,0.0001,64,32,5000,ula,30
114944,14597888,-63.866284934230436,0.0001,64,32,5000,ula,30
114976,14601952,-61.02401574293261,0.0001,64,32,5000,ula,30
115008,14606016,-62.50263128147927,0.0001,64,32,5000,ula,30
115040,14610080,-56.70598534909432,0.0001,64,32,5000,ula,30
115072,14614144,-62.51347818833166,0.0001,64,32,5000,ula,30
115104,14618208,-61.993530987437985,0.0001,64,32,5000,ula,30
115136,14622272,-66.22257448293232,0.0001,64,32,5000,ula,30
115168,14626336,-65.97752523466458,0.0001,64,32,5000,ula,30
115200,14630400,-62.94312827855875,0.0001,64,32,5000,ula,30
115232,14634464,-56.80975948117949,0.0001,64,32,5000,ula,30
115264,14638528,-62.431931822211034,0.0001,64,32,5000,ula,30
115296,14642592,-63.84208232569963,0.0001,64,32,5000,ula,30
115328,14646656,-63.994430386686375,0.0001,64,32,5000,ula,30
115360,14650720,-60.88253348095493,0.0001,64,32,5000,ula,30
115392,14654784,-59.60099290439216,0.0001,64,32,5000,ula,30
115424,14658848,-61.10547482126938,0.0001,64,32,5000,ula,30
115456,14662912,-64.24176951036182,0.0001,64,32,5000,ula,30
115488,14666976,-60.303839788871635,0.0001,64,32,5000,ula,30
115520,14671040,-64.27624032609769,0.0001,64,32,5000,ula,30
115552,14675104,-60.35836511092063,0.0001,64,32,5000,ula,30
115584,14679168,-62.143491832848156,0.0001,64,32,5000,ula,30
115616,14683232,-63.15937039145795,0.0001,64,32,5000,ula,30
115648,14687296,-63.845199268613726,0.0001,64,32,5000,ula,30
115680,14691360,-58.263890132365056,0.0001,64,32,5000,ula,30
115712,14695424,-57.86647868476326,0.0001,64,32,5000,ula,30
115744,14699488,-62.226759980545864,0.0001,64,32,5000,ula,30
115776,14703552,-65.30815222766996,0.0001,64,32,5000,ula,30
115808,14707616,-51.08550755652562,0.0001,64,32,5000,ula,30
115840,14711680,-61.48564938685378,0.0001,64,32,5000,ula,30
115872,14715744,-60.68995256201273,0.0001,64,32,5000,ula,30
115904,14719808,-63.6444834766902,0.0001,64,32,5000,ula,30
115936,14723872,-58.96076799667768,0.0001,64,32,5000,ula,30
115968,14727936,-62.88741543843949,0.0001,64,32,5000,ula,30
116000,14732000,-58.213222104896595,0.0001,64,32,5000,ula,30
116032,14736064,-64.31789713135981,0.0001,64,32,5000,ula,30
116064,14740128,-63.45406418187186,0.0001,64,32,5000,ula,30
116096,14744192,-59.067931282169546,0.0001,64,32,5000,ula,30
116128,14748256,-61.08218334414449,0.0001,64,32,5000,ula,30
116160,14752320,-57.62186095778212,0.0001,64,32,5000,ula,30
116192,14756384,-58.733625346396394,0.0001,64,32,5000,ula,30
116224,14760448,-66.07825629505139,0.0001,64,32,5000,ula,30
116256,14764512,-61.31772046960767,0.0001,64,32,5000,ula,30
116288,14768576,-62.615240670205715,0.0001,64,32,5000,ula,30
116320,14772640,-64.92099633861326,0.0001,64,32,5000,ula,30
116352,14776704,-61.65346356779731,0.0001,64,32,5000,ula,30
116384,14780768,-61.71723697038439,0.0001,64,32,5000,ula,30
116416,14784832,-56.43741230382864,0.0001,64,32,5000,ula,30
116448,14788896,-62.66456537856386,0.0001,64,32,5000,ula,30
116480,14792960,-61.5577652252107,0.0001,64,32,5000,ula,30
116512,14797024,-65.46571296671625,0.0001,64,32,5000,ula,30
116544,14801088,-62.70859887934047,0.0001,64,32,5000,ula,30
116576,14805152,-62.05390106140586,0.0001,64,32,5000,ula,30
116608,14809216,-64.73044102087067,0.0001,64,32,5000,ula,30
116640,14813280,-56.31835285680783,0.0001,64,32,5000,ula,30
116672,14817344,-58.434684642371295,0.0001,64,32,5000,ula,30
116704,14821408,-58.163195588300475,0.0001,64,32,5000,ula,30
116736,14825472,-58.74135606119432,0.0001,64,32,5000,ula,30
116768,14829536,-53.112969101417484,0.0001,64,32,5000,ula,30
116800,14833600,-63.730623087623705,0.0001,64,32,5000,ula,30
116832,14837664,-64.07785266045683,0.0001,64,32,5000,ula,30
116864,14841728,-57.2810486844099,0.0001,64,32,5000,ula,30
116896,14845792,-61.33976052408259,0.0001,64,32,5000,ula,30
116928,14849856,-61.13842070177111,0.0001,64,32,5000,ula,30
116960,14853920,-61.80610329742661,0.0001,64,32,5000,ula,30
116992,14857984,-63.902726996065255,0.0001,64,32,5000,ula,30
117024,14862048,-59.145895906340066,0.0001,64,32,5000,ula,30
117056,14866112,-63.41494665165858,0.0001,64,32,5000,ula,30
117088,14870176,-58.114840483306345,0.0001,64,32,5000,ula,30
117120,14874240,-63.55976492008511,0.0001,64,32,5000,ula,30
117152,14878304,-56.34882748998672,0.0001,64,32,5000,ula,30
117184,14882368,-59.563649046344615,0.0001,64,32,5000,ula,30
117216,14886432,-62.666505515277514,0.0001,64,32,5000,ula,30
117248,14890496,-59.26867782076085,0.0001,64,32,5000,ula,30
117280,14894560,-58.831715784567756,0.0001,64,32,5000,ula,30
117312,14898624,-59.73683203628168,0.0001,64,32,5000,ula,30
117344,14902688,-53.359107285239496,0.0001,64,32,5000,ula,30
117376,14906752,-50.19237481030096,0.0001,64,32,5000,ula,30
117408,14910816,-65.03718972790843,0.0001,64,32,5000,ula,30
117440,14914880,-50.66607781176248,0.0001,64,32,5000,ula,30
117472,14918944,-64.25509051752093,0.0001,64,32,5000,ula,30
117504,14923008,-64.41917078225889,0.0001,64,32,5000,ula,30
117536,14927072,-61.174034910093305,0.0001,64,32,5000,ula,30
117568,14931136,-54.14847965610106,0.0001,64,32,5000,ula,30
117600,14935200,-57.66165859542184,0.0001,64,32,5000,ula,30
117632,14939264,-54.0165161910693,0.0001,64,32,5000,ula,30
117664,14943328,-60.35394043819416,0.0001,64,32,5000,ula,30
117696,14947392,-59.05384326934081,0.0001,64,32,5000,ula,30
117728,14951456,-62.57359496539395,0.0001,64,32,5000,ula,30
117760,14955520,-62.67636913014998,0.0001,64,32,5000,ula,30
117792,14959584,-58.83330152815536,0.0001,64,32,5000,ula,30
117824,14963648,-59.44496280376733,0.0001,64,32,5000,ula,30
117856,14967712,-62.35464496821293,0.0001,64,32,5000,ula,30
117888,14971776,-64.56808938629618,0.0001,64,32,5000,ula,30
117920,14975840,-56.60624831599267,0.0001,64,32,5000,ula,30
117952,14979904,-62.28309665787526,0.0001,64,32,5000,ula,30
117984,14983968,-60.67362420612589,0.0001,64,32,5000,ula,30
118016,14988032,-63.894422947412956,0.0001,64,32,5000,ula,30
118048,14992096,-60.09719212074076,0.0001,64,32,5000,ula,30
118080,14996160,-54.25558090265219,0.0001,64,32,5000,ula,30
118112,15000224,-60.05266448601704,0.0001,64,32,5000,ula,30
118144,15004288,-54.47700235717042,0.0001,64,32,5000,ula,30
118176,15008352,-54.890624878819146,0.0001,64,32,5000,ula,30
118208,15012416,-57.07696136288698,0.0001,64,32,5000,ula,30
118240,15016480,-62.831453372030616,0.0001,64,32,5000,ula,30
118272,15020544,-61.90080345344121,0.0001,64,32,5000,ula,30
118304,15024608,-59.12331301564445,0.0001,64,32,5000,ula,30
118336,15028672,-57.72023661097195,0.0001,64,32,5000,ula,30
118368,15032736,-59.54558837270681,0.0001,64,32,5000,ula,30
118400,15036800,-62.31931428443802,0.0001,64,32,5000,ula,30
118432,15040864,-60.77106508077161,0.0001,64,32,5000,ula,30
118464,15044928,-59.75261051216654,0.0001,64,32,5000,ula,30
118496,15048992,-64.72022157404973,0.0001,64,32,5000,ula,30
118528,15053056,-56.426755842060814,0.0001,64,32,5000,ula,30
118560,15057120,-62.522720314906515,0.0001,64,32,5000,ula,30
118592,15061184,-59.43700221375296,0.0001,64,32,5000,ula,30
118624,15065248,-61.1812497344753,0.0001,64,32,5000,ula,30
118656,15069312,-50.005485413480045,0.0001,64,32,5000,ula,30
118688,15073376,-41.097319329434896,0.0001,64,32,5000,ula,30
118720,15077440,-62.714609401162534,0.0001,64,32,5000,ula,30
118752,15081504,-59.82008641582541,0.0001,64,32,5000,ula,30
118784,15085568,-58.63056201706419,0.0001,64,32,5000,ula,30
118816,15089632,-60.903353230472895,0.0001,64,32,5000,ula,30
118848,15093696,-63.457536733225794,0.0001,64,32,5000,ula,30
118880,15097760,-62.817783878154,0.0001,64,32,5000,ula,30
118912,15101824,-64.03260087511802,0.0001,64,32,5000,ula,30
118944,15105888,-57.64293655400591,0.0001,64,32,5000,ula,30
118976,15109952,-65.90367046803493,0.0001,64,32,5000,ula,30
119008,15114016,-64.73007841500491,0.0001,64,32,5000,ula,30
119040,15118080,-55.04284585265446,0.0001,64,32,5000,ula,30
119072,15122144,-61.34327632416646,0.0001,64,32,5000,ula,30
119104,15126208,-59.58712581194012,0.0001,64,32,5000,ula,30
119136,15130272,-57.6274172295194,0.0001,64,32,5000,ula,30
119168,15134336,-58.703919437946944,0.0001,64,32,5000,ula,30
119200,15138400,-63.65556710695289,0.0001,64,32,5000,ula,30
119232,15142464,-63.33247896414988,0.0001,64,32,5000,ula,30
119264,15146528,-60.93901188389908,0.0001,64,32,5000,ula,30
119296,15150592,-61.61263467351526,0.0001,64,32,5000,ula,30
119328,15154656,-62.15460787200854,0.0001,64,32,5000,ula,30
119360,15158720,-62.42500352240234,0.0001,64,32,5000,ula,30
119392,15162784,-62.90245187305587,0.0001,64,32,5000,ula,30
119424,15166848,-59.5519013706263,0.0001,64,32,5000,ula,30
119456,15170912,-64.00469022240209,0.0001,64,32,5000,ula,30
119488,15174976,-53.751092878493395,0.0001,64,32,5000,ula,30
119520,15179040,-62.18830223002921,0.0001,64,32,5000,ula,30
119552,15183104,-62.24073160366597,0.0001,64,32,5000,ula,30
119584,15187168,-58.0119899410933,0.0001,64,32,5000,ula,30
119616,15191232,-53.11426971905731,0.0001,64,32,5000,ula,30
119648,15195296,-55.53062900425813,0.0001,64,32,5000,ula,30
119680,15199360,-58.87710432513535,0.0001,64,32,5000,ula,30
119712,15203424,-54.644029506458075,0.0001,64,32,5000,ula,30
119744,15207488,-61.04458756897853,0.0001,64,32,5000,ula,30
119776,15211552,-64.89562864695664,0.0001,64,32,5000,ula,30
119808,15215616,-59.09889110482163,0.0001,64,32,5000,ula,30
119840,15219680,-56.743353717756754,0.0001,64,32,5000,ula,30
119872,15223744,-60.71967176200842,0.0001,64,32,5000,ula,30
119904,15227808,-61.17829947349649,0.0001,64,32,5000,ula,30
119936,15231872,-62.02333055502224,0.0001,64,32,5000,ula,30
119968,15235936,-47.26649900442195,0.0001,64,32,5000,ula,30
120000,15240000,-55.33526379303983,0.0001,64,32,5000,ula,30
120032,15244064,-62.73052783315686,0.0001,64,32,5000,ula,30
120064,15248128,-60.9939755996106,0.0001,64,32,5000,ula,30
120096,15252192,-55.66128003778511,0.0001,64,32,5000,ula,30
120128,15256256,-55.049402473757496,0.0001,64,32,5000,ula,30
120160,15260320,-63.83768622909992,0.0001,64,32,5000,ula,30
120192,15264384,-53.93471798076327,0.0001,64,32,5000,ula,30
120224,15268448,-64.01228137305456,0.0001,64,32,5000,ula,30
120256,15272512,-60.317949314625224,0.0001,64,32,5000,ula,30
120288,15276576,-63.276466432199726,0.0001,64,32,5000,ula,30
120320,15280640,-59.349125179031546,0.0001,64,32,5000,ula,30
120352,15284704,-62.808300857926845,0.0001,64,32,5000,ula,30
120384,15288768,-54.96544364158366,0.0001,64,32,5000,ula,30
120416,15292832,-63.357474409097314,0.0001,64,32,5000,ula,30
120448,15296896,-60.03174881766129,0.0001,64,32,5000,ula,30
120480,15300960,-59.704561779598606,0.0001,64,32,5000,ula,30
120512,15305024,-64.43524405357367,0.0001,64,32,5000,ula,30
120544,15309088,-62.64122253936672,0.0001,64,32,5000,ula,30
120576,15313152,-60.14258169093692,0.0001,64,32,5000,ula,30
120608,15317216,-53.05277365027885,0.0001,64,32,5000,ula,30
120640,15321280,-61.26184907777735,0.0001,64,32,5000,ula,30
120672,15325344,-59.50801575549386,0.0001,64,32,5000,ula,30
120704,15329408,-59.199496757381525,0.0001,64,32,5000,ula,30
120736,15333472,-61.501921836824884,0.0001,64,32,5000,ula,30
120768,15337536,-34.247387423608544,0.0001,64,32,5000,ula,30
120800,15341600,-55.93002397299218,0.0001,64,32,5000,ula,30
120832,15345664,-62.42238745005345,0.0001,64,32,5000,ula,30
120864,15349728,-60.25060808646809,0.0001,64,32,5000,ula,30
120896,15353792,-61.933902163215954,0.0001,64,32,5000,ula,30
120928,15357856,-60.60618022788126,0.0001,64,32,5000,ula,30
120960,15361920,-63.11906049929091,0.0001,64,32,5000,ula,30
120992,15365984,-63.56575708684081,0.0001,64,32,5000,ula,30
121024,15370048,-61.31191898506827,0.0001,64,32,5000,ula,30
121056,15374112,-61.90127439402196,0.0001,64,32,5000,ula,30
121088,15378176,-63.33440082260758,0.0001,64,32,5000,ula,30
121120,15382240,-58.846865225458146,0.0001,64,32,5000,ula,30
121152,15386304,-56.4090496707523,0.0001,64,32,5000,ula,30
121184,15390368,-54.35438260091327,0.0001,64,32,5000,ula,30
121216,15394432,-58.45433530796074,0.0001,64,32,5000,ula,30
121248,15398496,-59.703590021455845,0.0001,64,32,5000,ula,30
121280,15402560,-60.12371783598231,0.0001,64,32,5000,ula,30
121312,15406624,-60.50653401213209,0.0001,64,32,5000,ula,30
121344,15410688,-61.92334477321397,0.0001,64,32,5000,ula,30
121376,15414752,-63.13241701989742,0.0001,64,32,5000,ula,30
121408,15418816,-58.289764438477036,0.0001,64,32,5000,ula,30
121440,15422880,-60.39686311285484,0.0001,64,32,5000,ula,30
121472,15426944,-62.9972075180657,0.0001,64,32,5000,ula,30
121504,15431008,-56.73739542199282,0.0001,64,32,5000,ula,30
121536,15435072,-59.03277549556376,0.0001,64,32,5000,ula,30
121568,15439136,-60.35902300427796,0.0001,64,32,5000,ula,30
121600,15443200,-62.55524020780434,0.0001,64,32,5000,ula,30
121632,15447264,-60.34980670628113,0.0001,64,32,5000,ula,30
121664,15451328,-60.950943518423784,0.0001,64,32,5000,ula,30
121696,15455392,-63.71628148909004,0.0001,64,32,5000,ula,30
121728,15459456,-63.8478541519799,0.0001,64,32,5000,ula,30
121760,15463520,-59.25888512414061,0.0001,64,32,5000,ula,30
121792,15467584,-60.006519725005305,0.0001,64,32,5000,ula,30
121824,15471648,-62.206058107785736,0.0001,64,32,5000,ula,30
121856,15475712,-59.41562697729606,0.0001,64,32,5000,ula,30
121888,15479776,-60.602716237803406,0.0001,64,32,5000,ula,30
121920,15483840,-52.0023419393619,0.0001,64,32,5000,ula,30
121952,15487904,-60.84022370940733,0.0001,64,32,5000,ula,30
121984,15491968,-58.94844228825231,0.0001,64,32,5000,ula,30
122016,15496032,-58.6145882549017,0.0001,64,32,5000,ula,30
122048,15500096,-59.044124627640706,0.0001,64,32,5000,ula,30
122080,15504160,-57.83304162274876,0.0001,64,32,5000,ula,30
122112,15508224,-64.61514910342864,0.0001,64,32,5000,ula,30
122144,15512288,-63.94709192199369,0.0001,64,32,5000,ula,30
122176,15516352,-57.75346320716755,0.0001,64,32,5000,ula,30
122208,15520416,-61.29405959070116,0.0001,64,32,5000,ula,30
122240,15524480,-62.83578387726105,0.0001,64,32,5000,ula,30
122272,15528544,-62.469670855743985,0.0001,64,32,5000,ula,30
122304,15532608,-62.988474318380234,0.0001,64,32,5000,ula,30
122336,15536672,-55.904802434707854,0.0001,64,32,5000,ula,30
122368,15540736,-59.45251774186649,0.0001,64,32,5000,ula,30
122400,15544800,-47.07071568320956,0.0001,64,32,5000,ula,30
122432,15548864,-64.754197106481,0.0001,64,32,5000,ula,30
122464,15552928,-60.60212850113383,0.0001,64,32,5000,ula,30
122496,15556992,-56.40856713843866,0.0001,64,32,5000,ula,30
122528,15561056,-53.829865459917784,0.0001,64,32,5000,ula,30
122560,15565120,-61.213060280233705,0.0001,64,32,5000,ula,30
122592,15569184,-61.72627928519173,0.0001,64,32,5000,ula,30
122624,15573248,-54.55701947302809,0.0001,64,32,5000,ula,30
122656,15577312,-60.017710419815266,0.0001,64,32,5000,ula,30
122688,15581376,-63.91024861990035,0.0001,64,32,5000,ula,30
122720,15585440,-58.918768941943476,0.0001,64,32,5000,ula,30
122752,15589504,-57.86570854087738,0.0001,64,32,5000,ula,30
122784,15593568,-53.84513608338903,0.0001,64,32,5000,ula,30
122816,15597632,-61.52483838610656,0.0001,64,32,5000,ula,30
122848,15601696,-61.44251851027288,0.0001,64,32,5000,ula,30
122880,15605760,-52.34007936599779,0.0001,64,32,5000,ula,30
122912,15609824,-61.0726874802598,0.0001,64,32,5000,ula,30
122944,15613888,-63.80503039876793,0.0001,64,32,5000,ula,30
122976,15617952,-57.03580598390019,0.0001,64,32,5000,ula,30
123008,15622016,-56.86940855960779,0.0001,64,32,5000,ula,30
123040,15626080,-61.21006728803913,0.0001,64,32,5000,ula,30
123072,15630144,-55.59009898954089,0.0001,64,32,5000,ula,30
123104,15634208,-63.68848302608719,0.0001,64,32,5000,ula,30
123136,15638272,-59.34261981097645,0.0001,64,32,5000,ula,30
123168,15642336,-62.52911073188086,0.0001,64,32,5000,ula,30
123200,15646400,-60.714774447255046,0.0001,64,32,5000,ula,30
123232,15650464,-60.3559436882665,0.0001,64,32,5000,ula,30
123264,15654528,-62.32673447408661,0.0001,64,32,5000,ula,30
123296,15658592,-60.25493076016177,0.0001,64,32,5000,ula,30
123328,15662656,-50.291571476877095,0.0001,64,32,5000,ula,30
123360,15666720,-58.61381835243528,0.0001,64,32,5000,ula,30
123392,15670784,-56.82095142594831,0.0001,64,32,5000,ula,30
123424,15674848,-61.12843847677405,0.0001,64,32,5000,ula,30
123456,15678912,-61.0690088157721,0.0001,64,32,5000,ula,30
123488,15682976,-63.00423951502238,0.0001,64,32,5000,ula,30
123520,15687040,-58.82492172339484,0.0001,64,32,5000,ula,30
123552,15691104,-51.043599335017795,0.0001,64,32,5000,ula,30
123584,15695168,-56.45290225147033,0.0001,64,32,5000,ula,30
123616,15699232,-63.482687625576226,0.0001,64,32,5000,ula,30
123648,15703296,-60.265032407113196,0.0001,64,32,5000,ula,30
123680,15707360,-60.178124558026774,0.0001,64,32,5000,ula,30
123712,15711424,-64.48002756355406,0.0001,64,32,5000,ula,30
123744,15715488,-60.07378942486608,0.0001,64,32,5000,ula,30
123776,15719552,-63.97413827900649,0.0001,64,32,5000,ula,30
123808,15723616,-58.192011409750535,0.0001,64,32,5000,ula,30
123840,15727680,-50.87117507701408,0.0001,64,32,5000,ula,30
123872,15731744,-61.05374043166528,0.0001,64,32,5000,ula,30
123904,15735808,-60.76111814136325,0.0001,64,32,5000,ula,30
123936,15739872,-57.05047494734775,0.0001,64,32,5000,ula,30
123968,15743936,-62.24580476835085,0.0001,64,32,5000,ula,30
124000,15748000,-57.857130253278996,0.0001,64,32,5000,ula,30
124032,15752064,-62.70113666078096,0.0001,64,32,5000,ula,30
124064,15756128,-60.600552427927894,0.0001,64,32,5000,ula,30
124096,15760192,-64.81836935521252,0.0001,64,32,5000,ula,30
124128,15764256,-62.12211961216103,0.0001,64,32,5000,ula,30
124160,15768320,-63.00126426317643,0.0001,64,32,5000,ula,30
124192,15772384,-65.43406187523314,0.0001,64,32,5000,ula,30
124224,15776448,-57.513487465178535,0.0001,64,32,5000,ula,30
124256,15780512,-63.52811390665328,0.0001,64,32,5000,ula,30
124288,15784576,-57.90259764385915,0.0001,64,32,5000,ula,30
124320,15788640,-60.30668719516619,0.0001,64,32,5000,ula,30
124352,15792704,-60.31105968854728,0.0001,64,32,5000,ula,30
124384,15796768,-55.2630483368885,0.0001,64,32,5000,ula,30
124416,15800832,-59.05524061021683,0.0001,64,32,5000,ula,30
124448,15804896,-57.94415174314385,0.0001,64,32,5000,ula,30
124480,15808960,-63.11575758954131,0.0001,64,32,5000,ula,30
124512,15813024,-62.7638593833893,0.0001,64,32,5000,ula,30
124544,15817088,-59.35248292174112,0.0001,64,32,5000,ula,30
124576,15821152,-57.78861950114091,0.0001,64,32,5000,ula,30
124608,15825216,-61.82386450293172,0.0001,64,32,5000,ula,30
124640,15829280,-64.70464099411215,0.0001,64,32,5000,ula,30
124672,15833344,-52.581178716319464,0.0001,64,32,5000,ula,30
124704,15837408,-59.691458128415086,0.0001,64,32,5000,ula,30
124736,15841472,-56.10466483965704,0.0001,64,32,5000,ula,30
124768,15845536,-58.40610435737244,0.0001,64,32,5000,ula,30
124800,15849600,-56.39366032653966,0.0001,64,32,5000,ula,30
124832,15853664,-46.073602284961794,0.0001,64,32,5000,ula,30
124864,15857728,-62.27066549323828,0.0001,64,32,5000,ula,30
124896,15861792,-54.0573080676485,0.0001,64,32,5000,ula,30
124928,15865856,-62.64327814308005,0.0001,64,32,5000,ula,30
124960,15869920,-57.67566879152165,0.0001,64,32,5000,ula,30
124992,15873984,-61.91495468856007,0.0001,64,32,5000,ula,30
125024,15878048,-60.78252987621156,0.0001,64,32,5000,ula,30
125056,15882112,-61.24679054623813,0.0001,64,32,5000,ula,30
125088,15886176,-62.13014007849512,0.0001,64,32,5000,ula,30
125120,15890240,-60.70813200271676,0.0001,64,32,5000,ula,30
125152,15894304,-64.2095228758955,0.0001,64,32,5000,ula,30
125184,15898368,-64.60592894504802,0.0001,64,32,5000,ula,30
125216,15902432,-61.32112345772915,0.0001,64,32,5000,ula,30
125248,15906496,-55.71552921342059,0.0001,64,32,5000,ula,30
125280,15910560,-58.20973842148336,0.0001,64,32,5000,ula,30
125312,15914624,-59.69447424352826,0.0001,64,32,5000,ula,30
125344,15918688,-60.50609899586062,0.0001,64,32,5000,ula,30
125376,15922752,-52.46543955196295,0.0001,64,32,5000,ula,30
125408,15926816,-58.912437256058446,0.0001,64,32,5000,ula,30
125440,15930880,-61.20885718298084,0.0001,64,32,5000,ula,30
125472,15934944,-61.11664434539418,0.0001,64,32,5000,ula,30
125504,15939008,-56.87358646732641,0.0001,64,32,5000,ula,30
125536,15943072,-60.21690467269191,0.0001,64,32,5000,ula,30
125568,15947136,-61.79721324987126,0.0001,64,32,5000,ula,30
125600,15951200,-61.401576952230194,0.0001,64,32,5000,ula,30
125632,15955264,-55.99400924952123,0.0001,64,32,5000,ula,30
125664,15959328,-57.26012353404597,0.0001,64,32,5000,ula,30
125696,15963392,-63.9941181046831,0.0001,64,32,5000,ula,30
125728,15967456,-60.86238700795937,0.0001,64,32,5000,ula,30
125760,15971520,-58.59905623720202,0.0001,64,32,5000,ula,30
125792,15975584,-60.79417722434193,0.0001,64,32,5000,ula,30
125824,15979648,-58.229892229852794,0.0001,64,32,5000,ula,30
125856,15983712,-63.18819230102288,0.0001,64,32,5000,ula,30
125888,15987776,-62.15150401370645,0.0001,64,32,5000,ula,30
125920,15991840,-59.42189040173379,0.0001,64,32,5000,ula,30
125952,15995904,-47.550598653044226,0.0001,64,32,5000,ula,30
125984,15999968,-54.77254106071801,0.0001,64,32,5000,ula,30
126016,16004032,-60.45786840506887,0.0001,64,32,5000,ula,30
126048,16008096,-56.084052751829006,0.0001,64,32,5000,ula,30
126080,16012160,-60.45038926195692,0.0001,64,32,5000,ula,30
126112,16016224,-61.777736851973806,0.0001,64,32,5000,ula,30
126144,16020288,-61.25465995320348,0.0001,64,32,5000,ula,30
126176,16024352,-61.69816262386604,0.0001,64,32,5000,ula,30
126208,16028416,-57.50335108926766,0.0001,64,32,5000,ula,30
126240,16032480,-58.262741041963736,0.0001,64,32,5000,ula,30
126272,16036544,-61.582392461406016,0.0001,64,32,5000,ula,30
126304,16040608,-60.72841040899636,0.0001,64,32,5000,ula,30
126336,16044672,-59.85311424028471,0.0001,64,32,5000,ula,30
126368,16048736,-61.97810872062062,0.0001,64,32,5000,ula,30
126400,16052800,-57.928930506067175,0.0001,64,32,5000,ula,30
126432,16056864,-63.13057488387422,0.0001,64,32,5000,ula,30
126464,16060928,-64.186140126052,0.0001,64,32,5000,ula,30
126496,16064992,-61.155044941460616,0.0001,64,32,5000,ula,30
126528,16069056,-60.993718065456775,0.0001,64,32,5000,ula,30
126560,16073120,-62.8281869830768,0.0001,64,32,5000,ula,30
126592,16077184,-60.453982835035575,0.0001,64,32,5000,ula,30
126624,16081248,-58.16496317120504,0.0001,64,32,5000,ula,30
126656,16085312,-56.60769237563923,0.0001,64,32,5000,ula,30
126688,16089376,-62.289156023598494,0.0001,64,32,5000,ula,30
126720,16093440,-52.5797850845812,0.0001,64,32,5000,ula,30
126752,16097504,-62.527295601736604,0.0001,64,32,5000,ula,30
126784,16101568,-64.2305170010979,0.0001,64,32,5000,ula,30
126816,16105632,-60.76383357905298,0.0001,64,32,5000,ula,30
126848,16109696,-63.95702961938873,0.0001,64,32,5000,ula,30
126880,16113760,-59.601793942347676,0.0001,64,32,5000,ula,30
126912,16117824,-56.79789725961985,0.0001,64,32,5000,ula,30
126944,16121888,-61.01831949737113,0.0001,64,32,5000,ula,30
126976,16125952,-61.162475364052085,0.0001,64,32,5000,ula,30
127008,16130016,-56.97934545226327,0.0001,64,32,5000,ula,30
127040,16134080,-61.23812772597068,0.0001,64,32,5000,ula,30
127072,16138144,-56.576935372944945,0.0001,64,32,5000,ula,30
127104,16142208,-59.55690917318129,0.0001,64,32,5000,ula,30
127136,16146272,-62.178632435266714,0.0001,64,32,5000,ula,30
127168,16150336,-59.08110358887695,0.0001,64,32,5000,ula,30
127200,16154400,-59.003111330887165,0.0001,64,32,5000,ula,30
127232,16158464,-54.57673651729041,0.0001,64,32,5000,ula,30
127264,16162528,-60.90015510028363,0.0001,64,32,5000,ula,30
127296,16166592,-60.993212686849375,0.0001,64,32,5000,ula,30
127328,16170656,-61.476282921364614,0.0001,64,32,5000,ula,30
127360,16174720,-65.30533884276525,0.0001,64,32,5000,ula,30
127392,16178784,-60.810038061525866,0.0001,64,32,5000,ula,30
127424,16182848,-59.60660749765958,0.0001,64,32,5000,ula,30
127456,16186912,-60.92607544886458,0.0001,64,32,5000,ula,30
127488,16190976,-58.078816263101366,0.0001,64,32,5000,ula,30
127520,16195040,-60.40216158685568,0.0001,64,32,5000,ula,30
127552,16199104,-59.27609446269634,0.0001,64,32,5000,ula,30
127584,16203168,-63.88861997499965,0.0001,64,32,5000,ula,30
127616,16207232,-64.29893916736489,0.0001,64,32,5000,ula,30
127648,16211296,-59.67611544265813,0.0001,64,32,5000,ula,30
127680,16215360,-57.67581895134972,0.0001,64,32,5000,ula,30
127712,16219424,-60.01114603651832,0.0001,64,32,5000,ula,30
127744,16223488,-60.26163148855444,0.0001,64,32,5000,ula,30
127776,16227552,-60.237376254278466,0.0001,64,32,5000,ula,30
127808,16231616,-59.83280001657808,0.0001,64,32,5000,ula,30
127840,16235680,-56.49825802172952,0.0001,64,32,5000,ula,30
127872,16239744,-61.95028538532515,0.0001,64,32,5000,ula,30
127904,16243808,-60.561365895161984,0.0001,64,32,5000,ula,30
127936,16247872,-57.824921196860025,0.0001,64,32,5000,ula,30
127968,16251936,-59.89525687104322,0.0001,64,32,5000,ula,30
128000,16256000,-50.230726961502484,0.0001,64,32,5000,ula,30
128032,16260064,-34.26763987356176,0.0001,64,32,5000,ula,30
128064,16264128,-58.3688083911623,0.0001,64,32,5000,ula,30
128096,16268192,-58.514110380534746,0.0001,64,32,5000,ula,30
128128,16272256,-59.1531321618204,0.0001,64,32,5000,ula,30
128160,16276320,-58.238287339283204,0.0001,64,32,5000,ula,30
128192,16280384,-52.91273971015976,0.0001,64,32,5000,ula,30
128224,16284448,-60.040126414692146,0.0001,64,32,5000,ula,30
128256,16288512,-59.20403766499801,0.0001,64,32,5000,ula,30
128288,16292576,-60.04839131053293,0.0001,64,32,5000,ula,30
128320,16296640,-57.07974277964527,0.0001,64,32,5000,ula,30
128352,16300704,-59.624961527665114,0.0001,64,32,5000,ula,30
128384,16304768,-54.04365446239157,0.0001,64,32,5000,ula,30
128416,16308832,-62.66367641142587,0.0001,64,32,5000,ula,30
128448,16312896,-64.6354752319966,0.0001,64,32,5000,ula,30
128480,16316960,-58.06551791850545,0.0001,64,32,5000,ula,30
128512,16321024,-59.64622473526564,0.0001,64,32,5000,ula,30
128544,16325088,-65.28117427144825,0.0001,64,32,5000,ula,30
128576,16329152,-42.47231868062915,0.0001,64,32,5000,ula,30
128608,16333216,-54.900995439353515,0.0001,64,32,5000,ula,30
128640,16337280,-62.07725487729988,0.0001,64,32,5000,ula,30
128672,16341344,-58.05037202944303,0.0001,64,32,5000,ula,30
128704,16345408,-53.69591946967903,0.0001,64,32,5000,ula,30
128736,16349472,-57.83460130156328,0.0001,64,32,5000,ula,30
128768,16353536,-58.91371819511247,0.0001,64,32,5000,ula,30
128800,16357600,-60.24663127883209,0.0001,64,32,5000,ula,30
128832,16361664,-54.148053132759465,0.0001,64,32,5000,ula,30
128864,16365728,-56.72593467466742,0.0001,64,32,5000,ula,30
128896,16369792,-63.25110715717352,0.0001,64,32,5000,ula,30
128928,16373856,-59.39141514559942,0.0001,64,32,5000,ula,30
128960,16377920,-56.79711282454867,0.0001,64,32,5000,ula,30
128992,16381984,-59.54601740430709,0.0001,64,32,5000,ula,30
129024,16386048,-60.65483056251842,0.0001,64,32,5000,ula,30
129056,16390112,-57.07160341783167,0.0001,64,32,5000,ula,30
129088,16394176,-60.26041021070649,0.0001,64,32,5000,ula,30
129120,16398240,-63.41988395661217,0.0001,64,32,5000,ula,30
129152,16402304,-59.975403562402306,0.0001,64,32,5000,ula,30
129184,16406368,-61.302331488563766,0.0001,64,32,5000,ula,30
129216,16410432,-59.4270785269982,0.0001,64,32,5000,ula,30
129248,16414496,-60.73654255328958,0.0001,64,32,5000,ula,30
129280,16418560,-53.73178478340834,0.0001,64,32,5000,ula,30
129312,16422624,-59.41375735352801,0.0001,64,32,5000,ula,30
129344,16426688,-60.80315690161013,0.0001,64,32,5000,ula,30
129376,16430752,-52.44518094033126,0.0001,64,32,5000,ula,30
129408,16434816,-58.51320603403715,0.0001,64,32,5000,ula,30
129440,16438880,-56.43620208492098,0.0001,64,32,5000,ula,30
129472,16442944,-59.41307499555324,0.0001,64,32,5000,ula,30
129504,16447008,-60.28780066160166,0.0001,64,32,5000,ula,30
129536,16451072,-56.96320174269436,0.0001,64,32,5000,ula,30
129568,16455136,-63.16641376181738,0.0001,64,32,5000,ula,30
129600,16459200,-61.95796230669405,0.0001,64,32,5000,ula,30
129632,16463264,-50.77832150531012,0.0001,64,32,5000,ula,30
129664,16467328,-55.02710641525931,0.0001,64,32,5000,ula,30
129696,16471392,-53.477230226008025,0.0001,64,32,5000,ula,30
129728,16475456,-59.20353279948207,0.0001,64,32,5000,ula,30
129760,16479520,-59.003667144869326,0.0001,64,32,5000,ula,30
129792,16483584,-61.30065760679016,0.0001,64,32,5000,ula,30
129824,16487648,-61.335155189858064,0.0001,64,32,5000,ula,30
129856,16491712,-58.640168287222004,0.0001,64,32,5000,ula,30
129888,16495776,-56.95916252407823,0.0001,64,32,5000,ula,30
129920,16499840,-62.94193924233223,0.0001,64,32,5000,ula,30
129952,16503904,-59.914968500303004,0.0001,64,32,5000,ula,30
129984,16507968,-59.460903505819964,0.0001,64,32,5000,ula,30
130016,16512032,-60.61173649150945,0.0001,64,32,5000,ula,30
130048,16516096,-62.058847494203626,0.0001,64,32,5000,ula,30
130080,16520160,-64.81103788528291,0.0001,64,32,5000,ula,30
130112,16524224,-62.34810041688616,0.0001,64,32,5000,ula,30
130144,16528288,-50.657135867563035,0.0001,64,32,5000,ula,30
130176,16532352,-58.330630725671966,0.0001,64,32,5000,ula,30
130208,16536416,-60.14502648749149,0.0001,64,32,5000,ula,30
130240,16540480,-58.75697279871652,0.0001,64,32,5000,ula,30
130272,16544544,-60.62833673623723,0.0001,64,32,5000,ula,30
130304,16548608,-54.80506104793972,0.0001,64,32,5000,ula,30
130336,16552672,-54.78130303044704,0.0001,64,32,5000,ula,30
130368,16556736,-54.986333742349466,0.0001,64,32,5000,ula,30
130400,16560800,-59.861796473470264,0.0001,64,32,5000,ula,30
130432,16564864,-60.35719750543723,0.0001,64,32,5000,ula,30
130464,16568928,-59.96481277280019,0.0001,64,32,5000,ula,30
130496,16572992,-61.89401281308436,0.0001,64,32,5000,ula,30
130528,16577056,-62.86035474169625,0.0001,64,32,5000,ula,30
130560,16581120,-57.15842751796493,0.0001,64,32,5000,ula,30
130592,16585184,-63.07560646757941,0.0001,64,32,5000,ula,30
130624,16589248,-54.05174765107565,0.0001,64,32,5000,ula,30
130656,16593312,-62.64881449520127,0.0001,64,32,5000,ula,30
130688,16597376,-57.33647759638671,0.0001,64,32,5000,ula,30
130720,16601440,-59.27252525186665,0.0001,64,32,5000,ula,30
130752,16605504,-56.53635124806468,0.0001,64,32,5000,ula,30
130784,16609568,-61.330939890795094,0.0001,64,32,5000,ula,30
130816,16613632,-62.493847978279774,0.0001,64,32,5000,ula,30
130848,16617696,-57.83857301821743,0.0001,64,32,5000,ula,30
130880,16621760,-61.2479217742174,0.0001,64,32,5000,ula,30
130912,16625824,-59.78349462044475,0.0001,64,32,5000,ula,30
130944,16629888,-61.73460553381228,0.0001,64,32,5000,ula,30
130976,16633952,-60.91827586432124,0.0001,64,32,5000,ula,30
131008,16638016,-58.160928315712454,0.0001,64,32,5000,ula,30
131040,16642080,-54.43339658829641,0.0001,64,32,5000,ula,30
131072,16646144,-60.49421171616126,0.0001,64,32,5000,ula,30
131104,16650208,-60.07366328946489,0.0001,64,32,5000,ula,30
131136,16654272,-54.471956666301395,0.0001,64,32,5000,ula,30
131168,16658336,-60.420829721312565,0.0001,64,32,5000,ula,30
131200,16662400,-63.051705939741794,0.0001,64,32,5000,ula,30
131232,16666464,-61.114845725025745,0.0001,64,32,5000,ula,30
131264,16670528,-62.02458316667212,0.0001,64,32,5000,ula,30
131296,16674592,-62.842969193486475,0.0001,64,32,5000,ula,30
131328,16678656,-56.09610498551882,0.0001,64,32,5000,ula,30
131360,16682720,-58.38329271925846,0.0001,64,32,5000,ula,30
131392,16686784,-60.12122343996274,0.0001,64,32,5000,ula,30
131424,16690848,-56.61529617798808,0.0001,64,32,5000,ula,30
131456,16694912,-62.33247983440291,0.0001,64,32,5000,ula,30
131488,16698976,-61.34904142723675,0.0001,64,32,5000,ula,30
131520,16703040,-63.533237820667566,0.0001,64,32,5000,ula,30
131552,16707104,-59.257563918330746,0.0001,64,32,5000,ula,30
131584,16711168,-63.57871947964716,0.0001,64,32,5000,ula,30
131616,16715232,-62.12017357623065,0.0001,64,32,5000,ula,30
131648,16719296,-58.557342376994875,0.0001,64,32,5000,ula,30
131680,16723360,-58.16079563375246,0.0001,64,32,5000,ula,30
131712,16727424,-57.11424415509628,0.0001,64,32,5000,ula,30
131744,16731488,-58.795137410449406,0.0001,64,32,5000,ula,30
131776,16735552,-59.788854085012424,0.0001,64,32,5000,ula,30
131808,16739616,-55.75140292568272,0.0001,64,32,5000,ula,30
131840,16743680,-61.28256338910064,0.0001,64,32,5000,ula,30
131872,16747744,-60.61681726785458,0.0001,64,32,5000,ula,30
131904,16751808,-62.671892261806555,0.0001,64,32,5000,ula,30
131936,16755872,-54.87846096007311,0.0001,64,32,5000,ula,30
131968,16759936,-57.97530700631152,0.0001,64,32,5000,ula,30
132000,16764000,-59.35066972563437,0.0001,64,32,5000,ula,30
132032,16768064,-62.333859377300264,0.0001,64,32,5000,ula,30
132064,16772128,-61.09168691734832,0.0001,64,32,5000,ula,30
132096,16776192,-56.543724750125506,0.0001,64,32,5000,ula,30
132128,16780256,-53.05778310806214,0.0001,64,32,5000,ula,30
132160,16784320,-59.31220854543479,0.0001,64,32,5000,ula,30
132192,16788384,-60.82830898707635,0.0001,64,32,5000,ula,30
132224,16792448,-60.10898780429176,0.0001,64,32,5000,ula,30
132256,16796512,-65.1728117595953,0.0001,64,32,5000,ula,30
132288,16800576,-61.571332154692136,0.0001,64,32,5000,ula,30
132320,16804640,-63.856379677764735,0.0001,64,32,5000,ula,30
132352,16808704,-60.50786809681403,0.0001,64,32,5000,ula,30
132384,16812768,-57.21797499455553,0.0001,64,32,5000,ula,30
132416,16816832,-52.10167441334983,0.0001,64,32,5000,ula,30
132448,16820896,-61.34949183370881,0.0001,64,32,5000,ula,30
132480,16824960,-57.24693722415235,0.0001,64,32,5000,ula,30
132512,16829024,-61.6277816487265,0.0001,64,32,5000,ula,30
132544,16833088,-60.65250257580179,0.0001,64,32,5000,ula,30
132576,16837152,-63.137443016833075,0.0001,64,32,5000,ula,30
132608,16841216,-63.15867083551609,0.0001,64,32,5000,ula,30
132640,16845280,-60.62695469292472,0.0001,64,32,5000,ula,30
132672,16849344,-59.7101772763735,0.0001,64,32,5000,ula,30
132704,16853408,-59.64019636023252,0.0001,64,32,5000,ula,30
132736,16857472,-59.47020074033683,0.0001,64,32,5000,ula,30
132768,16861536,-61.115236542415886,0.0001,64,32,5000,ula,30
132800,16865600,-54.650149960228795,0.0001,64,32,5000,ula,30
132832,16869664,-55.36711259449217,0.0001,64,32,5000,ula,30
132864,16873728,-61.54236351813909,0.0001,64,32,5000,ula,30
132896,16877792,-58.183704981256575,0.0001,64,32,5000,ula,30
132928,16881856,-57.98144872857007,0.0001,64,32,5000,ula,30
132960,16885920,-61.79331502180771,0.0001,64,32,5000,ula,30
132992,16889984,-61.23366216722247,0.0001,64,32,5000,ula,30
133024,16894048,-54.828426186010546,0.0001,64,32,5000,ula,30
133056,16898112,-58.641110637921116,0.0001,64,32,5000,ula,30
133088,16902176,-57.28051715509677,0.0001,64,32,5000,ula,30
133120,16906240,-58.63027934919722,0.0001,64,32,5000,ula,30
133152,16910304,-63.134971903859665,0.0001,64,32,5000,ula,30
133184,16914368,-54.569861485000736,0.0001,64,32,5000,ula,30
133216,16918432,-59.940924376944054,0.0001,64,32,5000,ula,30
133248,16922496,-56.423362231002706,0.0001,64,32,5000,ula,30
133280,16926560,-58.084729796197024,0.0001,64,32,5000,ula,30
133312,16930624,-62.141188001070404,0.0001,64,32,5000,ula,30
133344,16934688,-60.74928917433906,0.0001,64,32,5000,ula,30
133376,16938752,-59.14910745524344,0.0001,64,32,5000,ula,30
133408,16942816,-60.16299854945845,0.0001,64,32,5000,ula,30
133440,16946880,-60.93638203004711,0.0001,64,32,5000,ula,30
133472,16950944,-58.19889031036087,0.0001,64,32,5000,ula,30
133504,16955008,-61.49863828050217,0.0001,64,32,5000,ula,30
133536,16959072,-59.129977007597105,0.0001,64,32,5000,ula,30
133568,16963136,-56.171136716862875,0.0001,64,32,5000,ula,30
133600,16967200,-61.675850577976796,0.0001,64,32,5000,ula,30
133632,16971264,-58.57756030701455,0.0001,64,32,5000,ula,30
133664,16975328,-53.31180988389152,0.0001,64,32,5000,ula,30
133696,16979392,-58.77944669597131,0.0001,64,32,5000,ula,30
133728,16983456,-57.29030751329657,0.0001,64,32,5000,ula,30
133760,16987520,-62.260861122818206,0.0001,64,32,5000,ula,30
133792,16991584,-56.96964904298254,0.0001,64,32,5000,ula,30
133824,16995648,-56.447450327933865,0.0001,64,32,5000,ula,30
133856,16999712,-60.864270395681146,0.0001,64,32,5000,ula,30
133888,17003776,-56.96817629346204,0.0001,64,32,5000,ula,30
133920,17007840,-56.37068883984138,0.0001,64,32,5000,ula,30
133952,17011904,-61.60946512363306,0.0001,64,32,5000,ula,30
133984,17015968,-56.63406328373613,0.0001,64,32,5000,ula,30
134016,17020032,-57.83800459678324,0.0001,64,32,5000,ula,30
134048,17024096,-57.65042087523173,0.0001,64,32,5000,ula,30
134080,17028160,-61.23210711626395,0.0001,64,32,5000,ula,30
134112,17032224,-63.944273470760265,0.0001,64,32,5000,ula,30
134144,17036288,-57.735553423063614,0.0001,64,32,5000,ula,30
134176,17040352,-62.45433731088678,0.0001,64,32,5000,ula,30
134208,17044416,-63.17242759255978,0.0001,64,32,5000,ula,30
134240,17048480,-57.11738183617009,0.0001,64,32,5000,ula,30
134272,17052544,-57.56421090952714,0.0001,64,32,5000,ula,30
134304,17056608,-57.96024704748712,0.0001,64,32,5000,ula,30
134336,17060672,-59.129212472448295,0.0001,64,32,5000,ula,30
134368,17064736,-60.38389372973634,0.0001,64,32,5000,ula,30
134400,17068800,-60.88841095480417,0.0001,64,32,5000,ula,30
134432,17072864,-61.5958762121484,0.0001,64,32,5000,ula,30
134464,17076928,-61.19758425288345,0.0001,64,32,5000,ula,30
134496,17080992,-61.167759007750625,0.0001,64,32,5000,ula,30
134528,17085056,-61.697457888648,0.0001,64,32,5000,ula,30
134560,17089120,-56.97997206829771,0.0001,64,32,5000,ula,30
134592,17093184,-57.9696451826098,0.0001,64,32,5000,ula,30
134624,17097248,-59.21017222071604,0.0001,64,32,5000,ula,30
134656,17101312,-43.91830413589112,0.0001,64,32,5000,ula,30
134688,17105376,-57.36549081810949,0.0001,64,32,5000,ula,30
134720,17109440,-56.55264473804968,0.0001,64,32,5000,ula,30
134752,17113504,-58.10557338360869,0.0001,64,32,5000,ula,30
134784,17117568,-61.02057287105659,0.0001,64,32,5000,ula,30
134816,17121632,-61.674996462407506,0.0001,64,32,5000,ula,30
134848,17125696,-54.68983361865533,0.0001,64,32,5000,ula,30
134880,17129760,-57.54246076347763,0.0001,64,32,5000,ula,30
134912,17133824,-57.018268906625956,0.0001,64,32,5000,ula,30
134944,17137888,-58.83139675145312,0.0001,64,32,5000,ula,30
134976,17141952,-59.73074914462435,0.0001,64,32,5000,ula,30
135008,17146016,-61.560851986487116,0.0001,64,32,5000,ula,30
135040,17150080,-60.59104333567013,0.0001,64,32,5000,ula,30
135072,17154144,-57.87482273815887,0.0001,64,32,5000,ula,30
135104,17158208,-57.50408117917955,0.0001,64,32,5000,ula,30
135136,17162272,-59.631159471023864,0.0001,64,32,5000,ula,30
135168,17166336,-52.932261461048,0.0001,64,32,5000,ula,30
135200,17170400,-56.774899206764175,0.0001,64,32,5000,ula,30
135232,17174464,-56.289963719005,0.0001,64,32,5000,ula,30
135264,17178528,-63.54226914817717,0.0001,64,32,5000,ula,30
135296,17182592,-60.07867691053493,0.0001,64,32,5000,ula,30
135328,17186656,-62.421752416615085,0.0001,64,32,5000,ula,30
135360,17190720,-60.85108797344259,0.0001,64,32,5000,ula,30
135392,17194784,-61.343492093393216,0.0001,64,32,5000,ula,30
135424,17198848,-60.56983732242835,0.0001,64,32,5000,ula,30
135456,17202912,-54.630502334476596,0.0001,64,32,5000,ula,30
135488,17206976,-61.65725834612027,0.0001,64,32,5000,ula,30
135520,17211040,-52.37629253608764,0.0001,64,32,5000,ula,30
135552,17215104,-55.874136993344784,0.0001,64,32,5000,ula,30
135584,17219168,-56.383933647563694,0.0001,64,32,5000,ula,30
135616,17223232,-61.684534462113724,0.0001,64,32,5000,ula,30
135648,17227296,-59.291362152082975,0.0001,64,32,5000,ula,30
135680,17231360,-56.081812215004355,0.0001,64,32,5000,ula,30
135712,17235424,-63.22668032495442,0.0001,64,32,5000,ula,30
135744,17239488,-58.80975521632922,0.0001,64,32,5000,ula,30
135776,17243552,-51.10467834152232,0.0001,64,32,5000,ula,30
135808,17247616,-60.95815343603491,0.0001,64,32,5000,ula,30
135840,17251680,-60.76858372959831,0.0001,64,32,5000,ula,30
135872,17255744,-49.58889115148701,0.0001,64,32,5000,ula,30
135904,17259808,-63.76349624800047,0.0001,64,32,5000,ula,30
135936,17263872,-58.364300907770605,0.0001,64,32,5000,ula,30
135968,17267936,-58.50819728673013,0.0001,64,32,5000,ula,30
136000,17272000,-60.95978979476463,0.0001,64,32,5000,ula,30
136032,17276064,-55.31869871475311,0.0001,64,32,5000,ula,30
136064,17280128,-63.295209077250824,0.0001,64,32,5000,ula,30
136096,17284192,-62.13616759348382,0.0001,64,32,5000,ula,30
136128,17288256,-59.095891709251525,0.0001,64,32,5000,ula,30
136160,17292320,-57.77730984000404,0.0001,64,32,5000,ula,30
136192,17296384,-59.36711263221656,0.0001,64,32,5000,ula,30
136224,17300448,-59.565046874149154,0.0001,64,32,5000,ula,30
136256,17304512,-54.27367315959391,0.0001,64,32,5000,ula,30
136288,17308576,-59.169447444423014,0.0001,64,32,5000,ula,30
136320,17312640,-61.819019396884556,0.0001,64,32,5000,ula,30
136352,17316704,-55.144917356416144,0.0001,64,32,5000,ula,30
136384,17320768,-55.94748857265857,0.0001,64,32,5000,ula,30
136416,17324832,-58.83524533179896,0.0001,64,32,5000,ula,30
136448,17328896,-58.12396306826674,0.0001,64,32,5000,ula,30
136480,17332960,-59.57352925661685,0.0001,64,32,5000,ula,30
136512,17337024,-62.638856466102716,0.0001,64,32,5000,ula,30
136544,17341088,-59.962499078958984,0.0001,64,32,5000,ula,30
136576,17345152,-59.11810631035543,0.0001,64,32,5000,ula,30
136608,17349216,-62.14609931888241,0.0001,64,32,5000,ula,30
136640,17353280,-60.77088771256339,0.0001,64,32,5000,ula,30
136672,17357344,-57.86877671569467,0.0001,64,32,5000,ula,30
136704,17361408,-58.49726316972673,0.0001,64,32,5000,ula,30
136736,17365472,-62.37763782021378,0.0001,64,32,5000,ula,30
136768,17369536,-61.87409488344469,0.0001,64,32,5000,ula,30
136800,17373600,-63.32827580519728,0.0001,64,32,5000,ula,30
136832,17377664,-62.8205926607194,0.0001,64,32,5000,ula,30
136864,17381728,-62.144567535241364,0.0001,64,32,5000,ula,30
136896,17385792,-56.87341888003261,0.0001,64,32,5000,ula,30
136928,17389856,-58.694870928191385,0.0001,64,32,5000,ula,30
136960,17393920,-56.229633223495796,0.0001,64,32,5000,ula,30
136992,17397984,-56.82015442817325,0.0001,64,32,5000,ula,30
137024,17402048,-52.70462193679588,0.0001,64,32,5000,ula,30
137056,17406112,-58.12077879468016,0.0001,64,32,5000,ula,30
137088,17410176,-56.80498613529211,0.0001,64,32,5000,ula,30
137120,17414240,-54.09921670227291,0.0001,64,32,5000,ula,30
137152,17418304,-62.96442727622342,0.0001,64,32,5000,ula,30
137184,17422368,-59.37336799859041,0.0001,64,32,5000,ula,30
137216,17426432,-56.234041940802086,0.0001,64,32,5000,ula,30
137248,17430496,-57.06928169798237,0.0001,64,32,5000,ula,30
137280,17434560,-59.470205837554474,0.0001,64,32,5000,ula,30
137312,17438624,-62.60474975358473,0.0001,64,32,5000,ula,30
137344,17442688,-52.75785410526319,0.0001,64,32,5000,ula,30
137376,17446752,-51.816727347151286,0.0001,64,32,5000,ula,30
137408,17450816,-58.84521727502424,0.0001,64,32,5000,ula,30
137440,17454880,-59.5009375554911,0.0001,64,32,5000,ula,30
137472,17458944,-51.2479589529193,0.0001,64,32,5000,ula,30
137504,17463008,-59.43444670974254,0.0001,64,32,5000,ula,30
137536,17467072,-55.2825883495006,0.0001,64,32,5000,ula,30
137568,17471136,-57.348912524485996,0.0001,64,32,5000,ula,30
137600,17475200,-61.73089696817029,0.0001,64,32,5000,ula,30
137632,17479264,-60.5941326292498,0.0001,64,32,5000,ula,30
137664,17483328,-54.7223165958533,0.0001,64,32,5000,ula,30
137696,17487392,-60.44114598019556,0.0001,64,32,5000,ula,30
137728,17491456,-56.87834360321745,0.0001,64,32,5000,ula,30
137760,17495520,-59.44447676344265,0.0001,64,32,5000,ula,30
137792,17499584,-59.97798539475658,0.0001,64,32,5000,ula,30
137824,17503648,-55.03495198565482,0.0001,64,32,5000,ula,30
137856,17507712,-57.84824952262108,0.0001,64,32,5000,ula,30
137888,17511776,-59.65842321298857,0.0001,64,32,5000,ula,30
137920,17515840,-58.75235208637084,0.0001,64,32,5000,ula,30
137952,17519904,-58.15602218214332,0.0001,64,32,5000,ula,30
137984,17523968,-51.86772717496493,0.0001,64,32,5000,ula,30
138016,17528032,-58.882114138451946,0.0001,64,32,5000,ula,30
138048,17532096,-59.95922131499282,0.0001,64,32,5000,ula,30
138080,17536160,-59.54390274910661,0.0001,64,32,5000,ula,30
138112,17540224,-59.598627237260914,0.0001,64,32,5000,ula,30
138144,17544288,-57.49787358714806,0.0001,64,32,5000,ula,30
138176,17548352,-58.141481937563405,0.0001,64,32,5000,ula,30
138208,17552416,-59.99825821351099,0.0001,64,32,5000,ula,30
138240,17556480,-55.79836288890432,0.0001,64,32,5000,ula,30
138272,17560544,-63.10540230716526,0.0001,64,32,5000,ula,30
138304,17564608,-52.24207436476705,0.0001,64,32,5000,ula,30
138336,17568672,-60.00190213747982,0.0001,64,32,5000,ula,30
138368,17572736,-61.781583051708964,0.0001,64,32,5000,ula,30
138400,17576800,-61.00174697807172,0.0001,64,32,5000,ula,30
138432,17580864,-58.1042681273908,0.0001,64,32,5000,ula,30
138464,17584928,-60.54171178672394,0.0001,64,32,5000,ula,30
138496,17588992,-62.50920892800244,0.0001,64,32,5000,ula,30
138528,17593056,-59.18313056389909,0.0001,64,32,5000,ula,30
138560,17597120,-53.86515569515299,0.0001,64,32,5000,ula,30
138592,17601184,-58.0432075417848,0.0001,64,32,5000,ula,30
138624,17605248,-53.59760271307929,0.0001,64,32,5000,ula,30
138656,17609312,-55.64627367533746,0.0001,64,32,5000,ula,30
138688,17613376,-58.8165179935805,0.0001,64,32,5000,ula,30
138720,17617440,-51.381315882974604,0.0001,64,32,5000,ula,30
138752,17621504,-53.86540352997182,0.0001,64,32,5000,ula,30
138784,17625568,-61.212153937773394,0.0001,64,32,5000,ula,30
138816,17629632,-60.76108350233213,0.0001,64,32,5000,ula,30
138848,17633696,-58.008326585385404,0.0001,64,32,5000,ula,30
138880,17637760,-58.737332664648356,0.0001,64,32,5000,ula,30
138912,17641824,-59.449866227627105,0.0001,64,32,5000,ula,30
138944,17645888,-60.24574929802677,0.0001,64,32,5000,ula,30
138976,17649952,-61.185787832328636,0.0001,64,32,5000,ula,30
139008,17654016,-49.47868088642512,0.0001,64,32,5000,ula,30
139040,17658080,-53.849069789611086,0.0001,64,32,5000,ula,30
139072,17662144,-57.60786290592165,0.0001,64,32,5000,ula,30
139104,17666208,-55.63351167150471,0.0001,64,32,5000,ula,30
139136,17670272,-61.412410610059304,0.0001,64,32,5000,ula,30
139168,17674336,-51.159412664957344,0.0001,64,32,5000,ula,30
139200,17678400,-60.74542264448707,0.0001,64,32,5000,ula,30
139232,17682464,-57.758836188697735,0.0001,64,32,5000,ula,30
139264,17686528,-52.32243794610812,0.0001,64,32,5000,ula,30
139296,17690592,-59.515313470069614,0.0001,64,32,5000,ula,30
139328,17694656,-56.33087998056205,0.0001,64,32,5000,ula,30
139360,17698720,-61.25670123468019,0.0001,64,32,5000,ula,30
139392,17702784,-59.372692052486755,0.0001,64,32,5000,ula,30
139424,17706848,-59.61163061997459,0.0001,64,32,5000,ula,30
139456,17710912,-60.39401222106615,0.0001,64,32,5000,ula,30
139488,17714976,-58.878401993767184,0.0001,64,32,5000,ula,30
139520,17719040,-58.10950770770128,0.0001,64,32,5000,ula,30
139552,17723104,-59.114948770726876,0.0001,64,32,5000,ula,30
139584,17727168,-60.236989133626274,0.0001,64,32,5000,ula,30
139616,17731232,-62.03582646074367,0.0001,64,32,5000,ula,30
139648,17735296,-57.4953554647251,0.0001,64,32,5000,ula,30
139680,17739360,-56.074693844444646,0.0001,64,32,5000,ula,30
139712,17743424,-61.11359789757264,0.0001,64,32,5000,ula,30
139744,17747488,-55.59663171078739,0.0001,64,32,5000,ula,30
139776,17751552,-57.545483722106695,0.0001,64,32,5000,ula,30
139808,17755616,-59.11232079868471,0.0001,64,32,5000,ula,30
139840,17759680,-56.13966540822293,0.0001,64,32,5000,ula,30
139872,17763744,-60.25939230942512,0.0001,64,32,5000,ula,30
139904,17767808,-60.34530606500055,0.0001,64,32,5000,ula,30
139936,17771872,-60.699555062381755,0.0001,64,32,5000,ula,30
139968,17775936,-56.474928463332624,0.0001,64,32,5000,ula,30
140000,17780000,-56.598331096956,0.0001,64,32,5000,ula,30
140032,17784064,-59.654249979620964,0.0001,64,32,5000,ula,30
140064,17788128,-62.2719992067616,0.0001,64,32,5000,ula,30
140096,17792192,-55.35773445735553,0.0001,64,32,5000,ula,30
140128,17796256,-57.48768621138046,0.0001,64,32,5000,ula,30
140160,17800320,-58.73614969428804,0.0001,64,32,5000,ula,30
140192,17804384,-59.8869029809636,0.0001,64,32,5000,ula,30
140224,17808448,-52.571763294068866,0.0001,64,32,5000,ula,30
140256,17812512,-54.971651214663474,0.0001,64,32,5000,ula,30
140288,17816576,-61.40337747346544,0.0001,64,32,5000,ula,30
140320,17820640,-59.86203450041088,0.0001,64,32,5000,ula,30
140352,17824704,-54.07559124071956,0.0001,64,32,5000,ula,30
140384,17828768,-60.74663701355463,0.0001,64,32,5000,ula,30
140416,17832832,-58.51134680215521,0.0001,64,32,5000,ula,30
140448,17836896,-51.082226196908316,0.0001,64,32,5000,ula,30
140480,17840960,-55.61937410636927,0.0001,64,32,5000,ula,30
140512,17845024,-53.7775456431174,0.0001,64,32,5000,ula,30
140544,17849088,-62.93741213715668,0.0001,64,32,5000,ula,30
140576,17853152,-59.761319425204526,0.0001,64,32,5000,ula,30
140608,17857216,-60.749839813758655,0.0001,64,32,5000,ula,30
140640,17861280,-57.38929006669928,0.0001,64,32,5000,ula,30
140672,17865344,-60.984633513800404,0.0001,64,32,5000,ula,30
140704,17869408,-54.31199366925576,0.0001,64,32,5000,ula,30
140736,17873472,-56.85288772509007,0.0001,64,32,5000,ula,30
140768,17877536,-57.65038465223084,0.0001,64,32,5000,ula,30
140800,17881600,-60.879597755285374,0.0001,64,32,5000,ula,30
140832,17885664,-54.009324642913505,0.0001,64,32,5000,ula,30
140864,17889728,-57.959200100707854,0.0001,64,32,5000,ula,30
140896,17893792,-59.3062740239306,0.0001,64,32,5000,ula,30
140928,17897856,-58.434259220476925,0.0001,64,32,5000,ula,30
140960,17901920,-55.042505047435945,0.0001,64,32,5000,ula,30
140992,17905984,-58.403328260574234,0.0001,64,32,5000,ula,30
141024,17910048,-56.36247456434863,0.0001,64,32,5000,ula,30
141056,17914112,-57.0244401142996,0.0001,64,32,5000,ula,30
141088,17918176,-58.78972778470937,0.0001,64,32,5000,ula,30
141120,17922240,-60.35644558400522,0.0001,64,32,5000,ula,30
141152,17926304,-61.626361740072255,0.0001,64,32,5000,ula,30
141184,17930368,-60.02995214324693,0.0001,64,32,5000,ula,30
141216,17934432,-59.20106294218014,0.0001,64,32,5000,ula,30
141248,17938496,-59.665972274440335,0.0001,64,32,5000,ula,30
141280,17942560,-57.9686619739131,0.0001,64,32,5000,ula,30
141312,17946624,-51.52523601678374,0.0001,64,32,5000,ula,30
141344,17950688,-53.85852121327757,0.0001,64,32,5000,ula,30
141376,17954752,-57.76390335816282,0.0001,64,32,5000,ula,30
141408,17958816,-56.08630764257813,0.0001,64,32,5000,ula,30
141440,17962880,-57.44876893494048,0.0001,64,32,5000,ula,30
141472,17966944,-60.09111570170831,0.0001,64,32,5000,ula,30
141504,17971008,-59.88385304575373,0.0001,64,32,5000,ula,30
141536,17975072,-61.16176713205884,0.0001,64,32,5000,ula,30
141568,17979136,-55.84322998929274,0.0001,64,32,5000,ula,30
141600,17983200,-55.600516257464676,0.0001,64,32,5000,ula,30
141632,17987264,-61.93904420067024,0.0001,64,32,5000,ula,30
141664,17991328,-61.34493212259122,0.0001,64,32,5000,ula,30
141696,17995392,-56.5989351478249,0.0001,64,32,5000,ula,30
141728,17999456,-47.45796203507996,0.0001,64,32,5000,ula,30
141760,18003520,-58.30790211961828,0.0001,64,32,5000,ula,30
141792,18007584,-54.6310465823424,0.0001,64,32,5000,ula,30
141824,18011648,-56.21949344508907,0.0001,64,32,5000,ula,30
141856,18015712,-56.2454988953686,0.0001,64,32,5000,ula,30
141888,18019776,-62.00410011330674,0.0001,64,32,5000,ula,30
141920,18023840,-62.24025527116493,0.0001,64,32,5000,ula,30
141952,18027904,-60.70314780335829,0.0001,64,32,5000,ula,30
141984,18031968,-60.54847079806256,0.0001,64,32,5000,ula,30
142016,18036032,-56.280378108709385,0.0001,64,32,5000,ula,30
142048,18040096,-54.69116271466456,0.0001,64,32,5000,ula,30
142080,18044160,-60.3186122761901,0.0001,64,32,5000,ula,30
142112,18048224,-53.875609232556656,0.0001,64,32,5000,ula,30
142144,18052288,-60.902636057755586,0.0001,64,32,5000,ula,30
142176,18056352,-55.09094538432292,0.0001,64,32,5000,ula,30
142208,18060416,-62.00516689358788,0.0001,64,32,5000,ula,30
142240,18064480,-56.785497702745104,0.0001,64,32,5000,ula,30
142272,18068544,-56.86624867658234,0.0001,64,32,5000,ula,30
142304,18072608,-59.90412554987965,0.0001,64,32,5000,ula,30
142336,18076672,-60.413339282380036,0.0001,64,32,5000,ula,30
142368,18080736,-57.02145586664468,0.0001,64,32,5000,ula,30
142400,18084800,-61.29743057833351,0.0001,64,32,5000,ula,30
142432,18088864,-51.04620361636653,0.0001,64,32,5000,ula,30
142464,18092928,-59.78592113944068,0.0001,64,32,5000,ula,30
142496,18096992,-56.76663950722772,0.0001,64,32,5000,ula,30
142528,18101056,-61.24563556701643,0.0001,64,32,5000,ula,30
142560,18105120,-58.45930946431273,0.0001,64,32,5000,ula,30
142592,18109184,-52.590575291969365,0.0001,64,32,5000,ula,30
142624,18113248,-60.82133470230357,0.0001,64,32,5000,ula,30
142656,18117312,-58.3684419686756,0.0001,64,32,5000,ula,30
142688,18121376,-59.246385189473806,0.0001,64,32,5000,ula,30
142720,18125440,-54.748280207389335,0.0001,64,32,5000,ula,30
142752,18129504,-60.39826306464107,0.0001,64,32,5000,ula,30
142784,18133568,-60.04713157388922,0.0001,64,32,5000,ula,30
142816,18137632,-53.80010517127741,0.0001,64,32,5000,ula,30
142848,18141696,-59.75808822649069,0.0001,64,32,5000,ula,30
142880,18145760,-60.53688476928121,0.0001,64,32,5000,ula,30
142912,18149824,-58.60898360280523,0.0001,64,32,5000,ula,30
142944,18153888,-61.366500809860504,0.0001,64,32,5000,ula,30
142976,18157952,-57.244544388021474,0.0001,64,32,5000,ula,30
143008,18162016,-58.13949181187047,0.0001,64,32,5000,ula,30
143040,18166080,-59.243202467385636,0.0001,64,32,5000,ula,30
143072,18170144,-56.44831336837425,0.0001,64,32,5000,ula,30
143104,18174208,-56.249958751178816,0.0001,64,32,5000,ula,30
143136,18178272,-58.28865955835247,0.0001,64,32,5000,ula,30
143168,18182336,-50.94564426073028,0.0001,64,32,5000,ula,30
143200,18186400,-57.413283600539316,0.0001,64,32,5000,ula,30
143232,18190464,-60.15004437718712,0.0001,64,32,5000,ula,30
143264,18194528,-59.68159978975584,0.0001,64,32,5000,ula,30
143296,18198592,-60.13907956293414,0.0001,64,32,5000,ula,30
143328,18202656,-62.12288854599773,0.0001,64,32,5000,ula,30
143360,18206720,-58.14051536484714,0.0001,64,32,5000,ula,30
143392,18210784,-53.88847987348523,0.0001,64,32,5000,ula,30
143424,18214848,-60.23024467796265,0.0001,64,32,5000,ula,30
143456,18218912,-56.52566334609668,0.0001,64,32,5000,ula,30
143488,18222976,-59.907100481329316,0.0001,64,32,5000,ula,30
143520,18227040,-58.56218624538701,0.0001,64,32,5000,ula,30
143552,18231104,-62.86550842795589,0.0001,64,32,5000,ula,30
143584,18235168,-59.9504069597806,0.0001,64,32,5000,ula,30
143616,18239232,-58.345134971282945,0.0001,64,32,5000,ula,30
143648,18243296,-58.985266299455525,0.0001,64,32,5000,ula,30
143680,18247360,-57.22712570556534,0.0001,64,32,5000,ula,30
143712,18251424,-58.915203042590626,0.0001,64,32,5000,ula,30
143744,18255488,-59.63580830488476,0.0001,64,32,5000,ula,30
143776,18259552,-57.40351314213462,0.0001,64,32,5000,ula,30
143808,18263616,-58.39949646897703,0.0001,64,32,5000,ula,30
143840,18267680,-59.928492812578746,0.0001,64,32,5000,ula,30
143872,18271744,-60.92531460921278,0.0001,64,32,5000,ula,30
143904,18275808,-59.408671138917434,0.0001,64,32,5000,ula,30
143936,18279872,-58.5531754081563,0.0001,64,32,5000,ula,30
143968,18283936,-57.525580768958164,0.0001,64,32,5000,ula,30
144000,18288000,-59.89163491166225,0.0001,64,32,5000,ula,30
144032,18292064,-60.65303188541778,0.0001,64,32,5000,ula,30
144064,18296128,-57.55361506213188,0.0001,64,32,5000,ula,30
144096,18300192,-59.760788476297144,0.0001,64,32,5000,ula,30
144128,18304256,-57.325294302282416,0.0001,64,32,5000,ula,30
144160,18308320,-56.51556041356516,0.0001,64,32,5000,ula,30
144192,18312384,-60.81494996039395,0.0001,64,32,5000,ula,30
144224,18316448,-60.45981253875082,0.0001,64,32,5000,ula,30
144256,18320512,-57.36966164570118,0.0001,64,32,5000,ula,30
144288,18324576,-53.902492991612554,0.0001,64,32,5000,ula,30
144320,18328640,-60.56161190633014,0.0001,64,32,5000,ula,30
144352,18332704,-61.510410733437155,0.0001,64,32,5000,ula,30
144384,18336768,-56.78949557147511,0.0001,64,32,5000,ula,30
144416,18340832,-62.02936099872251,0.0001,64,32,5000,ula,30
144448,18344896,-54.87367543267424,0.0001,64,32,5000,ula,30
144480,18348960,-55.69953920241739,0.0001,64,32,5000,ula,30
144512,18353024,-54.50920456321123,0.0001,64,32,5000,ula,30
144544,18357088,-59.68982262545047,0.0001,64,32,5000,ula,30
144576,18361152,-55.24860633308014,0.0001,64,32,5000,ula,30
144608,18365216,-58.237828540216015,0.0001,64,32,5000,ula,30
144640,18369280,-58.34187841975552,0.0001,64,32,5000,ula,30
144672,18373344,-60.82118333596685,0.0001,64,32,5000,ula,30
144704,18377408,-60.532471883178076,0.0001,64,32,5000,ula,30
144736,18381472,-48.8100953652547,0.0001,64,32,5000,ula,30
144768,18385536,-57.50378696057961,0.0001,64,32,5000,ula,30
144800,18389600,-56.62937714583414,0.0001,64,32,5000,ula,30
144832,18393664,-58.55324902510981,0.0001,64,32,5000,ula,30
144864,18397728,-61.133166180901306,0.0001,64,32,5000,ula,30
144896,18401792,-57.48242663038769,0.0001,64,32,5000,ula,30
144928,18405856,-58.16273683042031,0.0001,64,32,5000,ula,30
144960,18409920,-59.33228716732367,0.0001,64,32,5000,ula,30
144992,18413984,-57.13216014879206,0.0001,64,32,5000,ula,30
145024,18418048,-53.782733755913426,0.0001,64,32,5000,ula,30
145056,18422112,-61.02300916959289,0.0001,64,32,5000,ula,30
145088,18426176,-56.409923655723674,0.0001,64,32,5000,ula,30
145120,18430240,-60.13017653684228,0.0001,64,32,5000,ula,30
145152,18434304,-56.23430131200411,0.0001,64,32,5000,ula,30
145184,18438368,-59.24795688404688,0.0001,64,32,5000,ula,30
145216,18442432,-56.72410418775209,0.0001,64,32,5000,ula,30
145248,18446496,-56.97840983901815,0.0001,64,32,5000,ula,30
145280,18450560,-61.39041096594516,0.0001,64,32,5000,ula,30
145312,18454624,-59.23030734843368,0.0001,64,32,5000,ula,30
145344,18458688,-59.407868556750905,0.0001,64,32,5000,ula,30
145376,18462752,-54.28152731131738,0.0001,64,32,5000,ula,30
145408,18466816,-56.122550603363514,0.0001,64,32,5000,ula,30
145440,18470880,-54.838851017744915,0.0001,64,32,5000,ula,30
145472,18474944,-53.49853604767419,0.0001,64,32,5000,ula,30
145504,18479008,-59.619144565086714,0.0001,64,32,5000,ula,30
145536,18483072,-60.25574759033221,0.0001,64,32,5000,ula,30
145568,18487136,-54.73850418350242,0.0001,64,32,5000,ula,30
145600,18491200,-57.272102487711805,0.0001,64,32,5000,ula,30
145632,18495264,-57.97783353505595,0.0001,64,32,5000,ula,30
145664,18499328,-57.33372141638809,0.0001,64,32,5000,ula,30
145696,18503392,-60.633770371140876,0.0001,64,32,5000,ula,30
145728,18507456,-59.441219108638386,0.0001,64,32,5000,ula,30
145760,18511520,-56.251450525332906,0.0001,64,32,5000,ula,30
145792,18515584,-60.842093974308334,0.0001,64,32,5000,ula,30
145824,18519648,-59.56671066305971,0.0001,64,32,5000,ula,30
145856,18523712,-60.60527179635271,0.0001,64,32,5000,ula,30
145888,18527776,-58.036320716925104,0.0001,64,32,5000,ula,30
145920,18531840,-56.65128567870961,0.0001,64,32,5000,ula,30
145952,18535904,-51.07202947466369,0.0001,64,32,5000,ula,30
145984,18539968,-61.6175991607559,0.0001,64,32,5000,ula,30
146016,18544032,-34.83017743713506,0.0001,64,32,5000,ula,30
146048,18548096,-53.4889474480942,0.0001,64,32,5000,ula,30
146080,18552160,-57.89026265941794,0.0001,64,32,5000,ula,30
146112,18556224,-58.37603502539354,0.0001,64,32,5000,ula,30
146144,18560288,-60.019021003641555,0.0001,64,32,5000,ula,30
146176,18564352,-55.48873294133325,0.0001,64,32,5000,ula,30
146208,18568416,-55.999366513409534,0.0001,64,32,5000,ula,30
146240,18572480,-59.73866135966539,0.0001,64,32,5000,ula,30
146272,18576544,-57.06306065557803,0.0001,64,32,5000,ula,30
146304,18580608,-58.865709743655515,0.0001,64,32,5000,ula,30
146336,18584672,-57.31551784575736,0.0001,64,32,5000,ula,30
146368,18588736,-54.204191292410066,0.0001,64,32,5000,ula,30
146400,18592800,-59.51183725495347,0.0001,64,32,5000,ula,30
146432,18596864,-56.72756824900292,0.0001,64,32,5000,ula,30
146464,18600928,-53.933839854195405,0.0001,64,32,5000,ula,30
146496,18604992,-60.494921417492115,0.0001,64,32,5000,ula,30
146528,18609056,-57.97078670303606,0.0001,64,32,5000,ula,30
146560,18613120,-59.73988135100758,0.0001,64,32,5000,ula,30
146592,18617184,-53.92850577507506,0.0001,64,32,5000,ula,30
146624,18621248,-57.68733247359429,0.0001,64,32,5000,ula,30
146656,18625312,-56.01930247227546,0.0001,64,32,5000,ula,30
146688,18629376,-58.629247578923824,0.0001,64,32,5000,ula,30
146720,18633440,-59.11195532390541,0.0001,64,32,5000,ula,30
146752,18637504,-61.673843643479756,0.0001,64,32,5000,ula,30
146784,18641568,-59.28423219303442,0.0001,64,32,5000,ula,30
146816,18645632,-59.08789936146065,0.0001,64,32,5000,ula,30
146848,18649696,-54.81685115481198,0.0001,64,32,5000,ula,30
146880,18653760,-59.50766278819441,0.0001,64,32,5000,ula,30
146912,18657824,-59.20671197682825,0.0001,64,32,5000,ula,30
146944,18661888,-61.163755236990234,0.0001,64,32,5000,ula,30
146976,18665952,-57.710372387032564,0.0001,64,32,5000,ula,30
147008,18670016,-59.14505875210108,0.0001,64,32,5000,ula,30
147040,18674080,-60.651611901582875,0.0001,64,32,5000,ula,30
147072,18678144,-51.92152871986401,0.0001,64,32,5000,ula,30
147104,18682208,-60.35944426792646,0.0001,64,32,5000,ula,30
147136,18686272,-57.68211783618498,0.0001,64,32,5000,ula,30
147168,18690336,-53.80431974448625,0.0001,64,32,5000,ula,30
147200,18694400,-62.03100188375045,0.0001,64,32,5000,ula,30
147232,18698464,-56.293988943331776,0.0001,64,32,5000,ula,30
147264,18702528,-55.283719214810695,0.0001,64,32,5000,ula,30
147296,18706592,-56.880446313492676,0.0001,64,32,5000,ula,30
147328,18710656,-57.40333838011694,0.0001,64,32,5000,ula,30
147360,18714720,-56.62130373209596,0.0001,64,32,5000,ula,30
147392,18718784,-51.07717160339976,0.0001,64,32,5000,ula,30
147424,18722848,-57.97807783994133,0.0001,64,32,5000,ula,30
147456,18726912,-58.17224171357302,0.0001,64,32,5000,ula,30
147488,18730976,-53.177379822670254,0.0001,64,32,5000,ula,30
147520,18735040,-59.59073251202308,0.0001,64,32,5000,ula,30
147552,18739104,-56.21049288998925,0.0001,64,32,5000,ula,30
147584,18743168,-59.516146351373045,0.0001,64,32,5000,ula,30
147616,18747232,-55.606859022049456,0.0001,64,32,5000,ula,30
147648,18751296,-60.703322646439375,0.0001,64,32,5000,ula,30
147680,18755360,-56.6974282131455,0.0001,64,32,5000,ula,30
147712,18759424,-58.21358478286126,0.0001,64,32,5000,ula,30
147744,18763488,-60.13123294810505,0.0001,64,32,5000,ula,30
147776,18767552,-55.63663982399298,0.0001,64,32,5000,ula,30
147808,18771616,-58.998769516367304,0.0001,64,32,5000,ula,30
147840,18775680,-54.230599817895325,0.0001,64,32,5000,ula,30
147872,18779744,-60.41435756518772,0.0001,64,32,5000,ula,30
147904,18783808,-58.25152978716125,0.0001,64,32,5000,ula,30
147936,18787872,-56.19909339756466,0.0001,64,32,5000,ula,30
147968,18791936,-60.1796677995935,0.0001,64,32,5000,ula,30
148000,18796000,-58.719721707124556,0.0001,64,32,5000,ula,30
148032,18800064,-59.693404538037676,0.0001,64,32,5000,ula,30
148064,18804128,-61.20630415024833,0.0001,64,32,5000,ula,30
148096,18808192,-54.12161681091064,0.0001,64,32,5000,ula,30
148128,18812256,-56.88921307630737,0.0001,64,32,5000,ula,30
148160,18816320,-57.38817476614118,0.0001,64,32,5000,ula,30
148192,18820384,-58.928084050436965,0.0001,64,32,5000,ula,30
148224,18824448,-58.88053503421084,0.0001,64,32,5000,ula,30
148256,18828512,-59.36975770418482,0.0001,64,32,5000,ula,30
148288,18832576,-57.54143858646582,0.0001,64,32,5000,ula,30
148320,18836640,-56.71044183668317,0.0001,64,32,5000,ula,30
148352,18840704,-62.00483012758252,0.0001,64,32,5000,ula,30
148384,18844768,-58.74741683223506,0.0001,64,32,5000,ula,30
148416,18848832,-54.83130704113234,0.0001,64,32,5000,ula,30
148448,18852896,-59.76106820691986,0.0001,64,32,5000,ula,30
148480,18856960,-62.43948159765033,0.0001,64,32,5000,ula,30
148512,18861024,-59.61058736097026,0.0001,64,32,5000,ula,30
148544,18865088,-55.93292837241065,0.0001,64,32,5000,ula,30
148576,18869152,-44.065042451878455,0.0001,64,32,5000,ula,30
148608,18873216,-59.34448607926128,0.0001,64,32,5000,ula,30
148640,18877280,-59.19349329671308,0.0001,64,32,5000,ula,30
148672,18881344,-52.085840840871036,0.0001,64,32,5000,ula,30
148704,18885408,-52.9120127409165,0.0001,64,32,5000,ula,30
148736,18889472,-59.416604106097225,0.0001,64,32,5000,ula,30
148768,18893536,-59.45234667586111,0.0001,64,32,5000,ula,30
148800,18897600,-58.15512826618178,0.0001,64,32,5000,ula,30
148832,18901664,-61.28202677191426,0.0001,64,32,5000,ula,30
148864,18905728,-55.486391537922316,0.0001,64,32,5000,ula,30
148896,18909792,-57.101939345360854,0.0001,64,32,5000,ula,30
148928,18913856,-52.51655480065964,0.0001,64,32,5000,ula,30
148960,18917920,-59.12149917201821,0.0001,64,32,5000,ula,30
148992,18921984,-56.78530464709723,0.0001,64,32,5000,ula,30
149024,18926048,-57.16419142290462,0.0001,64,32,5000,ula,30
149056,18930112,-57.37807547632516,0.0001,64,32,5000,ula,30
149088,18934176,-57.40786761057284,0.0001,64,32,5000,ula,30
149120,18938240,-54.026643984991146,0.0001,64,32,5000,ula,30
149152,18942304,-60.259194571837206,0.0001,64,32,5000,ula,30
149184,18946368,-60.7479867813221,0.0001,64,32,5000,ula,30
149216,18950432,-60.77324432791976,0.0001,64,32,5000,ula,30
149248,18954496,-57.07112250715621,0.0001,64,32,5000,ula,30
149280,18958560,-57.54195033673365,0.0001,64,32,5000,ula,30
149312,18962624,-55.64580261009428,0.0001,64,32,5000,ula,30
149344,18966688,-59.1516948941384,0.0001,64,32,5000,ula,30
149376,18970752,-58.038538831355126,0.0001,64,32,5000,ula,30
149408,18974816,-52.89739590195948,0.0001,64,32,5000,ula,30
149440,18978880,-60.90065967898482,0.0001,64,32,5000,ula,30
149472,18982944,-55.518974713705134,0.0001,64,32,5000,ula,30
149504,18987008,-59.82280470407911,0.0001,64,32,5000,ula,30
149536,18991072,-55.67100498819305,0.0001,64,32,5000,ula,30
149568,18995136,-59.28053221611892,0.0001,64,32,5000,ula,30
149600,18999200,-56.80414720564768,0.0001,64,32,5000,ula,30
149632,19003264,-60.22003701147929,0.0001,64,32,5000,ula,30
149664,19007328,-59.01324651788711,0.0001,64,32,5000,ula,30
149696,19011392,-54.77392081983647,0.0001,64,32,5000,ula,30
149728,19015456,-52.492467118024216,0.0001,64,32,5000,ula,30
149760,19019520,-55.606301593084346,0.0001,64,32,5000,ula,30
149792,19023584,-58.78302837564683,0.0001,64,32,5000,ula,30
149824,19027648,-61.08709250422887,0.0001,64,32,5000,ula,30
149856,19031712,-57.824948831003105,0.0001,64,32,5000,ula,30
149888,19035776,-53.301138448754834,0.0001,64,32,5000,ula,30
149920,19039840,-59.97327502671128,0.0001,64,32,5000,ula,30
149952,19043904,-60.50131790119703,0.0001,64,32,5000,ula,30
149984,19047968,-56.296827859345605,0.0001,64,32,5000,ula,30
150016,19052032,-53.87631503430699,0.0001,64,32,5000,ula,30
150048,19056096,-57.78112373423724,0.0001,64,32,5000,ula,30
150080,19060160,-57.88958812813064,0.0001,64,32,5000,ula,30
150112,19064224,-54.59319283793888,0.0001,64,32,5000,ula,30
150144,19068288,-56.13382875826187,0.0001,64,32,5000,ula,30
150176,19072352,-59.80513454856894,0.0001,64,32,5000,ula,30
150208,19076416,-59.19454799193941,0.0001,64,32,5000,ula,30
150240,19080480,-58.84665566986747,0.0001,64,32,5000,ula,30
150272,19084544,-54.16440591277089,0.0001,64,32,5000,ula,30
150304,19088608,-59.0271957639905,0.0001,64,32,5000,ula,30
150336,19092672,-60.0508718375907,0.0001,64,32,5000,ula,30
150368,19096736,-56.12642078397236,0.0001,64,32,5000,ula,30
150400,19100800,-58.42862318071738,0.0001,64,32,5000,ula,30
150432,19104864,-59.23570742770133,0.0001,64,32,5000,ula,30
150464,19108928,-56.68219260647863,0.0001,64,32,5000,ula,30
150496,19112992,-55.33623436103537,0.0001,64,32,5000,ula,30
150528,19117056,-57.95169369533324,0.0001,64,32,5000,ula,30
150560,19121120,-59.88530805785525,0.0001,64,32,5000,ula,30
150592,19125184,-57.046135621022756,0.0001,64,32,5000,ula,30
150624,19129248,-55.55138668611147,0.0001,64,32,5000,ula,30
150656,19133312,-60.58977120720854,0.0001,64,32,5000,ula,30
150688,19137376,-59.70691896780187,0.0001,64,32,5000,ula,30
150720,19141440,-52.6366364346341,0.0001,64,32,5000,ula,30
150752,19145504,-58.79011193271643,0.0001,64,32,5000,ula,30
150784,19149568,-53.561379770795725,0.0001,64,32,5000,ula,30
150816,19153632,-59.9150872439405,0.0001,64,32,5000,ula,30
150848,19157696,-52.625787621614435,0.0001,64,32,5000,ula,30
150880,19161760,-56.00793529443964,0.0001,64,32,5000,ula,30
150912,19165824,-57.146599727543475,0.0001,64,32,5000,ula,30
150944,19169888,-58.419474972557296,0.0001,64,32,5000,ula,30
150976,19173952,-54.61822192333726,0.0001,64,32,5000,ula,30
151008,19178016,-55.75182070986147,0.0001,64,32,5000,ula,30
151040,19182080,-60.17680292011932,0.0001,64,32,5000,ula,30
151072,19186144,-58.604702309456435,0.0001,64,32,5000,ula,30
151104,19190208,-54.23438324241897,0.0001,64,32,5000,ula,30
151136,19194272,-53.35961972724057,0.0001,64,32,5000,ula,30
151168,19198336,-52.24411116394343,0.0001,64,32,5000,ula,30
151200,19202400,-58.12681916684123,0.0001,64,32,5000,ula,30
151232,19206464,-56.547058446983804,0.0001,64,32,5000,ula,30
151264,19210528,-55.41963811386186,0.0001,64,32,5000,ula,30
151296,19214592,-54.95693208187104,0.0001,64,32,5000,ula,30
151328,19218656,-59.60213474769544,0.0001,64,32,5000,ula,30
151360,19222720,-56.87429062130514,0.0001,64,32,5000,ula,30
151392,19226784,-52.23406773296205,0.0001,64,32,5000,ula,30
151424,19230848,-58.95995324675636,0.0001,64,32,5000,ula,30
151456,19234912,-55.867939790522136,0.0001,64,32,5000,ula,30
151488,19238976,-58.693580584259124,0.0001,64,32,5000,ula,30
151520,19243040,-54.385914456528084,0.0001,64,32,5000,ula,30
151552,19247104,-60.39567596905486,0.0001,64,32,5000,ula,30
151584,19251168,-60.03013381000586,0.0001,64,32,5000,ula,30
151616,19255232,-55.82435453950813,0.0001,64,32,5000,ula,30
151648,19259296,-57.878230060651525,0.0001,64,32,5000,ula,30
151680,19263360,-53.866247941101385,0.0001,64,32,5000,ula,30
151712,19267424,-55.053154736717204,0.0001,64,32,5000,ula,30
151744,19271488,-58.96146339219982,0.0001,64,32,5000,ula,30
151776,19275552,-56.28405382726862,0.0001,64,32,5000,ula,30
151808,19279616,-57.35918693868489,0.0001,64,32,5000,ula,30
151840,19283680,-52.595504614395956,0.0001,64,32,5000,ula,30
151872,19287744,-61.40570337456763,0.0001,64,32,5000,ula,30
151904,19291808,-56.57416595433409,0.0001,64,32,5000,ula,30
151936,19295872,-56.33043413743099,0.0001,64,32,5000,ula,30
151968,19299936,-59.437381043815755,0.0001,64,32,5000,ula,30
152000,19304000,-56.1042700386866,0.0001,64,32,5000,ula,30
152032,19308064,-57.334876522648415,0.0001,64,32,5000,ula,30
152064,19312128,-56.41449321005879,0.0001,64,32,5000,ula,30
152096,19316192,-54.05752324118696,0.0001,64,32,5000,ula,30
152128,19320256,-60.71185305290495,0.0001,64,32,5000,ula,30
152160,19324320,-57.70015426145568,0.0001,64,32,5000,ula,30
152192,19328384,-50.51590368795475,0.0001,64,32,5000,ula,30
152224,19332448,-61.48976510112481,0.0001,64,32,5000,ula,30
152256,19336512,-59.85189310317287,0.0001,64,32,5000,ula,30
152288,19340576,-59.156621394533914,0.0001,64,32,5000,ula,30
152320,19344640,-56.028780945701946,0.0001,64,32,5000,ula,30
152352,19348704,-59.84386830473013,0.0001,64,32,5000,ula,30
152384,19352768,-54.024989716822624,0.0001,64,32,5000,ula,30
152416,19356832,-56.96392279590444,0.0001,64,32,5000,ula,30
152448,19360896,-53.421382915598,0.0001,64,32,5000,ula,30
152480,19364960,-57.19700912447789,0.0001,64,32,5000,ula,30
152512,19369024,-56.43116413188626,0.0001,64,32,5000,ula,30
152544,19373088,-59.38683787656419,0.0001,64,32,5000,ula,30
152576,19377152,-55.907779834031835,0.0001,64,32,5000,ula,30
152608,19381216,-49.802526493984345,0.0001,64,32,5000,ula,30
152640,19385280,-59.40952494649926,0.0001,64,32,5000,ula,30
152672,19389344,-58.902706560741485,0.0001,64,32,5000,ula,30
152704,19393408,-57.44964001618588,0.0001,64,32,5000,ula,30
152736,19397472,-59.3490877500418,0.0001,64,32,5000,ula,30
152768,19401536,-53.203967767018725,0.0001,64,32,5000,ula,30
152800,19405600,-54.26086103774464,0.0001,64,32,5000,ula,30
152832,19409664,-59.62562457740351,0.0001,64,32,5000,ula,30
152864,19413728,-55.16189390139921,0.0001,64,32,5000,ula,30
152896,19417792,-61.69517442475259,0.0001,64,32,5000,ula,30
152928,19421856,-51.28351106220929,0.0001,64,32,5000,ula,30
152960,19425920,-55.46169088179961,0.0001,64,32,5000,ula,30
152992,19429984,-53.13705558998996,0.0001,64,32,5000,ula,30
153024,19434048,-55.499028354664205,0.0001,64,32,5000,ula,30
153056,19438112,-55.736719214850744,0.0001,64,32,5000,ula,30
153088,19442176,-59.00440760282574,0.0001,64,32,5000,ula,30
153120,19446240,-58.95326963513413,0.0001,64,32,5000,ula,30
153152,19450304,-56.62822145867176,0.0001,64,32,5000,ula,30
153184,19454368,-57.109528119149935,0.0001,64,32,5000,ula,30
153216,19458432,-57.39938363647099,0.0001,64,32,5000,ula,30
153248,19462496,-55.374708517250525,0.0001,64,32,5000,ula,30
153280,19466560,-59.571160408780976,0.0001,64,32,5000,ula,30
153312,19470624,-59.24808994442136,0.0001,64,32,5000,ula,30
153344,19474688,-58.70614508667428,0.0001,64,32,5000,ula,30
153376,19478752,-57.19647576852504,0.0001,64,32,5000,ula,30
153408,19482816,-57.3228272904286,0.0001,64,32,5000,ula,30
153440,19486880,-54.85783668618549,0.0001,64,32,5000,ula,30
153472,19490944,-50.83804905488759,0.0001,64,32,5000,ula,30
153504,19495008,-49.397309244765154,0.0001,64,32,5000,ula,30
153536,19499072,-53.57959191181071,0.0001,64,32,5000,ula,30
153568,19503136,-57.240694155080696,0.0001,64,32,5000,ula,30
153600,19507200,-58.46775745609594,0.0001,64,32,5000,ula,30
153632,19511264,-57.98068377186067,0.0001,64,32,5000,ula,30
153664,19515328,-57.4004512869523,0.0001,64,32,5000,ula,30
153696,19519392,-58.840176358740976,0.0001,64,32,5000,ula,30
153728,19523456,-59.31342953131222,0.0001,64,32,5000,ula,30
153760,19527520,-57.80216429800974,0.0001,64,32,5000,ula,30
153792,19531584,-55.05941227218093,0.0001,64,32,5000,ula,30
153824,19535648,-59.055687518215805,0.0001,64,32,5000,ula,30
153856,19539712,-54.758157323968305,0.0001,64,32,5000,ula,30
153888,19543776,-54.70705450557964,0.0001,64,32,5000,ula,30
153920,19547840,-55.57047246100977,0.0001,64,32,5000,ula,30
153952,19551904,-54.83246500909479,0.0001,64,32,5000,ula,30
153984,19555968,-45.11223875956216,0.0001,64,32,5000,ula,30
154016,19560032,-59.35614512087999,0.0001,64,32,5000,ula,30
154048,19564096,-55.09824158351179,0.0001,64,32,5000,ula,30
154080,19568160,-56.949550252633244,0.0001,64,32,5000,ula,30
154112,19572224,-56.470816131721584,0.0001,64,32,5000,ula,30
154144,19576288,-51.0159433364942,0.0001,64,32,5000,ula,30
154176,19580352,-54.41072956312324,0.0001,64,32,5000,ula,30
154208,19584416,-51.82956904346029,0.0001,64,32,5000,ula,30
154240,19588480,-59.5909209825856,0.0001,64,32,5000,ula,30
154272,19592544,-54.77175596996012,0.0001,64,32,5000,ula,30
154304,19596608,-55.04687144839906,0.0001,64,32,5000,ula,30
154336,19600672,-59.406338976267,0.0001,64,32,5000,ula,30
154368,19604736,-51.50389944718487,0.0001,64,32,5000,ula,30
154400,19608800,-58.628219841531156,0.0001,64,32,5000,ula,30
154432,19612864,-56.980600760107144,0.0001,64,32,5000,ula,30
154464,19616928,-54.6094795331413,0.0001,64,32,5000,ula,30
154496,19620992,-55.12618172762346,0.0001,64,32,5000,ula,30
154528,19625056,-54.387738814111486,0.0001,64,32,5000,ula,30
154560,19629120,-47.22908789783863,0.0001,64,32,5000,ula,30
154592,19633184,-52.62178653689538,0.0001,64,32,5000,ula,30
154624,19637248,-58.096120920703406,0.0001,64,32,5000,ula,30
154656,19641312,-58.72321363373929,0.0001,64,32,5000,ula,30
154688,19645376,-59.73923288983672,0.0001,64,32,5000,ula,30
154720,19649440,-58.18280175227963,0.0001,64,32,5000,ula,30
154752,19653504,-55.11858906201053,0.0001,64,32,5000,ula,30
154784,19657568,-56.615461991638874,0.0001,64,32,5000,ula,30
154816,19661632,-56.15684376644435,0.0001,64,32,5000,ula,30
154848,19665696,-53.29748271590811,0.0001,64,32,5000,ula,30
154880,19669760,-58.84909627476185,0.0001,64,32,5000,ula,30
154912,19673824,-57.38939135410934,0.0001,64,32,5000,ula,30
154944,19677888,-56.332016824413415,0.0001,64,32,5000,ula,30
154976,19681952,-53.17442161389027,0.0001,64,32,5000,ula,30
155008,19686016,-53.35368065569127,0.0001,64,32,5000,ula,30
155040,19690080,-55.68720645312385,0.0001,64,32,5000,ula,30
155072,19694144,-53.3169223936885,0.0001,64,32,5000,ula,30
155104,19698208,-53.73733411505808,0.0001,64,32,5000,ula,30
155136,19702272,-58.071928228858525,0.0001,64,32,5000,ula,30
155168,19706336,-57.99601659225255,0.0001,64,32,5000,ula,30
155200,19710400,-56.28564282586431,0.0001,64,32,5000,ula,30
155232,19714464,-58.47216088427108,0.0001,64,32,5000,ula,30
155264,19718528,-57.54324364024258,0.0001,64,32,5000,ula,30
155296,19722592,-56.55150301123483,0.0001,64,32,5000,ula,30
155328,19726656,-53.74375005617551,0.0001,64,32,5000,ula,30
155360,19730720,-54.76144056041697,0.0001,64,32,5000,ula,30
155392,19734784,-58.87840673152421,0.0001,64,32,5000,ula,30
155424,19738848,-61.2910145275431,0.0001,64,32,5000,ula,30
155456,19742912,-57.13407029851237,0.0001,64,32,5000,ula,30
155488,19746976,-54.613629014962974,0.0001,64,32,5000,ula,30
155520,19751040,-59.69860823274209,0.0001,64,32,5000,ula,30
155552,19755104,-59.51342877920178,0.0001,64,32,5000,ula,30
155584,19759168,-56.12906812970155,0.0001,64,32,5000,ula,30
155616,19763232,-53.05624755481933,0.0001,64,32,5000,ula,30
155648,19767296,-58.717359146522725,0.0001,64,32,5000,ula,30
155680,19771360,-58.04693072276899,0.0001,64,32,5000,ula,30
155712,19775424,-60.93617286504732,0.0001,64,32,5000,ula,30
155744,19779488,-59.478382165222534,0.0001,64,32,5000,ula,30
155776,19783552,-57.23094111987501,0.0001,64,32,5000,ula,30
155808,19787616,-59.16185931760084,0.0001,64,32,5000,ula,30
155840,19791680,-52.651234017104144,0.0001,64,32,5000,ula,30
155872,19795744,-53.41524357308465,0.0001,64,32,5000,ula,30
155904,19799808,-51.87327562698719,0.0001,64,32,5000,ula,30
155936,19803872,-58.330688289728315,0.0001,64,32,5000,ula,30
155968,19807936,-59.17652820298229,0.0001,64,32,5000,ula,30
156000,19812000,-55.592423798474705,0.0001,64,32,5000,ula,30
156032,19816064,-56.54073159773073,0.0001,64,32,5000,ula,30
156064,19820128,-41.95741442859694,0.0001,64,32,5000,ula,30
156096,19824192,-53.927346022488074,0.0001,64,32,5000,ula,30
156128,19828256,-51.80346519453388,0.0001,64,32,5000,ula,30
156160,19832320,-58.3456916072101,0.0001,64,32,5000,ula,30
156192,19836384,-56.59075559190628,0.0001,64,32,5000,ula,30
156224,19840448,-54.90147148000803,0.0001,64,32,5000,ula,30
156256,19844512,-57.99661654507102,0.0001,64,32,5000,ula,30
156288,19848576,-58.509688699460746,0.0001,64,32,5000,ula,30
156320,19852640,-56.677614164808894,0.0001,64,32,5000,ula,30
156352,19856704,-58.76637434017985,0.0001,64,32,5000,ula,30
156384,19860768,-54.61782102057675,0.0001,64,32,5000,ula,30
156416,19864832,-52.156121205965654,0.0001,64,32,5000,ula,30
156448,19868896,-57.13962001835643,0.0001,64,32,5000,ula,30
156480,19872960,-54.306290487347646,0.0001,64,32,5000,ula,30
156512,19877024,-52.64698333263596,0.0001,64,32,5000,ula,30
156544,19881088,-60.05051470375382,0.0001,64,32,5000,ula,30
156576,19885152,-55.11038101465896,0.0001,64,32,5000,ula,30
156608,19889216,-57.011326312104025,0.0001,64,32,5000,ula,30
156640,19893280,-57.672280467676515,0.0001,64,32,5000,ula,30
156672,19897344,-57.703268234322415,0.0001,64,32,5000,ula,30
156704,19901408,-56.80859029218908,0.0001,64,32,5000,ula,30
156736,19905472,-58.20639442373556,0.0001,64,32,5000,ula,30
156768,19909536,-56.102876084194364,0.0001,64,32,5000,ula,30
156800,19913600,-56.64056375635517,0.0001,64,32,5000,ula,30
156832,19917664,-58.212773581787225,0.0001,64,32,5000,ula,30
156864,19921728,-59.076861541578296,0.0001,64,32,5000,ula,30
156896,19925792,-59.28247332788601,0.0001,64,32,5000,ula,30
156928,19929856,-51.326468076025016,0.0001,64,32,5000,ula,30
156960,19933920,-52.220494751222,0.0001,64,32,5000,ula,30
156992,19937984,-55.17030020347182,0.0001,64,32,5000,ula,30
157024,19942048,-55.114811554667874,0.0001,64,32,5000,ula,30
157056,19946112,-51.182211350555654,0.0001,64,32,5000,ula,30
157088,19950176,-55.81821862894608,0.0001,64,32,5000,ula,30
157120,19954240,-57.0792928284192,0.0001,64,32,5000,ula,30
157152,19958304,-58.70458991334484,0.0001,64,32,5000,ula,30
157184,19962368,-54.10065286511203,0.0001,64,32,5000,ula,30
157216,19966432,-55.76833147953329,0.0001,64,32,5000,ula,30
157248,19970496,-58.492248507193935,0.0001,64,32,5000,ula,30
157280,19974560,-58.04523357158795,0.0001,64,32,5000,ula,30
157312,19978624,-56.86331214093062,0.0001,64,32,5000,ula,30
157344,19982688,-52.64140156297274,0.0001,64,32,5000,ula,30
157376,19986752,-56.30726681187171,0.0001,64,32,5000,ula,30
157408,19990816,-58.27389198522272,0.0001,64,32,5000,ula,30
157440,19994880,-49.52809239288083,0.0001,64,32,5000,ula,30
157472,19998944,-51.556786114181335,0.0001,64,32,5000,ula,30
157504,20003008,-56.788385418680264,0.0001,64,32,5000,ula,30
157536,20007072,-55.26867412678263,0.0001,64,32,5000,ula,30
157568,20011136,-55.91382673870471,0.0001,64,32,5000,ula,30
157600,20015200,-58.92916954588751,0.0001,64,32,5000,ula,30
157632,20019264,-57.30074779704235,0.0001,64,32,5000,ula,30
157664,20023328,-54.723184029191124,0.0001,64,32,5000,ula,30
157696,20027392,-59.2272091661765,0.0001,64,32,5000,ula,30
157728,20031456,-56.50439459316149,0.0001,64,32,5000,ula,30
157760,20035520,-53.02884676884904,0.0001,64,32,5000,ula,30
157792,20039584,-53.55758426224418,0.0001,64,32,5000,ula,30
157824,20043648,-56.995909279159754,0.0001,64,32,5000,ula,30
157856,20047712,-55.217481006262084,0.0001,64,32,5000,ula,30
157888,20051776,-57.06176182777919,0.0001,64,32,5000,ula,30
157920,20055840,-57.17576516691904,0.0001,64,32,5000,ula,30
157952,20059904,-54.664975334572524,0.0001,64,32,5000,ula,30
157984,20063968,-56.07809291034438,0.0001,64,32,5000,ula,30
158016,20068032,-58.275183673866934,0.0001,64,32,5000,ula,30
158048,20072096,-58.39067730333565,0.0001,64,32,5000,ula,30
158080,20076160,-56.90545510417032,0.0001,64,32,5000,ula,30
158112,20080224,-54.59618599058414,0.0001,64,32,5000,ula,30
158144,20084288,-53.927385148018764,0.0001,64,32,5000,ula,30
158176,20088352,-52.73169461575925,0.0001,64,32,5000,ula,30
158208,20092416,-54.232780187666286,0.0001,64,32,5000,ula,30
158240,20096480,-52.92109968539762,0.0001,64,32,5000,ula,30
158272,20100544,-58.59281248237686,0.0001,64,32,5000,ula,30
158304,20104608,-60.69026233456058,0.0001,64,32,5000,ula,30
158336,20108672,-57.078786333304485,0.0001,64,32,5000,ula,30
158368,20112736,-56.71431353233608,0.0001,64,32,5000,ula,30
158400,20116800,-58.078301295943184,0.0001,64,32,5000,ula,30
158432,20120864,-57.64309223888003,0.0001,64,32,5000,ula,30
158464,20124928,-60.03241568570059,0.0001,64,32,5000,ula,30
158496,20128992,-58.02346866646956,0.0001,64,32,5000,ula,30
158528,20133056,-54.12776905364001,0.0001,64,32,5000,ula,30
158560,20137120,-58.61861165343841,0.0001,64,32,5000,ula,30
158592,20141184,-52.42827559423447,0.0001,64,32,5000,ula,30
158624,20145248,-57.595317598193084,0.0001,64,32,5000,ula,30
158656,20149312,-55.820164574592035,0.0001,64,32,5000,ula,30
158688,20153376,-57.250330938670075,0.0001,64,32,5000,ula,30
158720,20157440,-58.35571424238424,0.0001,64,32,5000,ula,30
158752,20161504,-56.24049100558177,0.0001,64,32,5000,ula,30
158784,20165568,-56.86390962268542,0.0001,64,32,5000,ula,30
158816,20169632,-53.44783468315657,0.0001,64,32,5000,ula,30
158848,20173696,-57.24341880889347,0.0001,64,32,5000,ula,30
158880,20177760,-55.90910417171003,0.0001,64,32,5000,ula,30
158912,20181824,-56.96510352267452,0.0001,64,32,5000,ula,30
158944,20185888,-58.574497067284,0.0001,64,32,5000,ula,30
158976,20189952,-55.849760321621375,0.0001,64,32,5000,ula,30
159008,20194016,-56.70370833302879,0.0001,64,32,5000,ula,30
159040,20198080,-59.267023424216404,0.0001,64,32,5000,ula,30
159072,20202144,-53.22738280097477,0.0001,64,32,5000,ula,30
159104,20206208,-58.85889857870205,0.0001,64,32,5000,ula,30
159136,20210272,-58.23900106016483,0.0001,64,32,5000,ula,30
159168,20214336,-56.635816927964946,0.0001,64,32,5000,ula,30
159200,20218400,-60.29607614857795,0.0001,64,32,5000,ula,30
159232,20222464,-53.58004405939625,0.0001,64,32,5000,ula,30
159264,20226528,-52.882721390492975,0.0001,64,32,5000,ula,30
159296,20230592,-58.59529389864761,0.0001,64,32,5000,ula,30
159328,20234656,-54.865473628830244,0.0001,64,32,5000,ula,30
159360,20238720,-57.315355449809886,0.0001,64,32,5000,ula,30
159392,20242784,-54.781788961737,0.0001,64,32,5000,ula,30
159424,20246848,-56.92555294190647,0.0001,64,32,5000,ula,30
159456,20250912,-52.77013622885756,0.0001,64,32,5000,ula,30
159488,20254976,-58.61978432848027,0.0001,64,32,5000,ula,30
159520,20259040,-56.99984809464979,0.0001,64,32,5000,ula,30
159552,20263104,-57.9128895779165,0.0001,64,32,5000,ula,30
159584,20267168,-59.18767609991741,0.0001,64,32,5000,ula,30
159616,20271232,-55.473981716525515,0.0001,64,32,5000,ula,30
159648,20275296,-52.963125556615395,0.0001,64,32,5000,ula,30
159680,20279360,-58.81480891453744,0.0001,64,32,5000,ula,30
159712,20283424,-53.609578780105494,0.0001,64,32,5000,ula,30
159744,20287488,-53.57979481639556,0.0001,64,32,5000,ula,30
159776,20291552,-58.11038198292873,0.0001,64,32,5000,ula,30
159808,20295616,-59.273023042515455,0.0001,64,32,5000,ula,30
159840,20299680,-52.05334211303467,0.0001,64,32,5000,ula,30
159872,20303744,-57.350377155921805,0.0001,64,32,5000,ula,30
159904,20307808,-54.98647672511503,0.0001,64,32,5000,ula,30
159936,20311872,-56.711897117510475,0.0001,64,32,5000,ula,30
159968,20315936,-56.225759724832166,0.0001,64,32,5000,ula,30
160000,20320000,-55.76000041277388,0.0001,64,32,5000,ula,30
